3 0.899866 0.0500488 0.481445 0.0991211 0.214844 
3 0.874385 0.478271 0.428711 0.0717773 0.109375 
3 0.874189 0.268311 0.427734 0.059082 0.0800781 
3 0.808017 0.121094 0.447266 0.116211 0.164062 
3 0.806868 0.30249 0.415527 0.0395508 0.0673828 
3 0.747008 0.756104 0.428711 0.13623 0.183594 
3 0.714315 0.213623 0.44043 0.0864258 0.101562 
3 0.709175 0.66626 0.39209 0.0668945 0.0810547 
9 0.645302 0.615723 0.425781 0.0380859 0.0488281 
3 0.628463 0.364258 0.401855 0.0234375 0.0380859 
9 0.554146 0.817871 0.481445 0.078125 0.138672 
3 0.537087 0.395264 0.401855 0.0268555 0.0341797 
3 0.43372 0.385498 0.398438 0.0209961 0.0351562 
3 0.407402 0.448242 0.414551 0.0292969 0.0615234 
3 0.357124 0.551514 0.387695 0.0297852 0.0292969 
0 0.330987 0.722656 0.328613 0.0283203 0.104492 
9 0.325329 0.628662 0.419434 0.0327148 0.0673828 
3 0.321455 0.542725 0.388184 0.0239258 0.0322266 
3 0.296695 0.428955 0.397949 0.0209961 0.0341797 
3 0.286523 0.415283 0.397949 0.0180664 0.0283203 
9 0.270909 0.834961 0.484375 0.0556641 0.132812 
3 0.26285 0.318604 0.414551 0.019043 0.0478516 
3 0.899866 0.0500488 0.481445 0.0991211 0.214844 
3 0.874385 0.478271 0.428711 0.0717773 0.109375 
3 0.874189 0.268311 0.427734 0.059082 0.0800781 
3 0.808017 0.121094 0.447266 0.116211 0.164062 
3 0.806868 0.30249 0.415527 0.0395508 0.0673828 
3 0.747008 0.756104 0.428711 0.13623 0.183594 
3 0.714315 0.213623 0.44043 0.0864258 0.101562 
3 0.709175 0.66626 0.39209 0.0668945 0.0810547 
9 0.645302 0.615723 0.425781 0.0380859 0.0488281 
3 0.628463 0.364258 0.401855 0.0234375 0.0380859 
9 0.554146 0.817871 0.481445 0.078125 0.138672 
3 0.537087 0.395264 0.401855 0.0268555 0.0341797 
3 0.43372 0.385498 0.398438 0.0209961 0.0351562 
3 0.407402 0.448242 0.414551 0.0292969 0.0615234 
3 0.357124 0.551514 0.387695 0.0297852 0.0292969 
0 0.330987 0.722656 0.328613 0.0283203 0.104492 
9 0.325329 0.628662 0.419434 0.0327148 0.0673828 
3 0.321455 0.542725 0.388184 0.0239258 0.0322266 
3 0.296695 0.428955 0.397949 0.0209961 0.0341797 
3 0.286523 0.415283 0.397949 0.0180664 0.0283203 
9 0.270909 0.834961 0.484375 0.0556641 0.132812 
3 0.26285 0.318604 0.414551 0.019043 0.0478516 
3 0.899866 0.0500488 0.481445 0.0991211 0.214844 
3 0.874385 0.478271 0.428711 0.0717773 0.109375 
3 0.874189 0.268311 0.427734 0.059082 0.0800781 
3 0.808017 0.121094 0.447266 0.116211 0.164062 
3 0.806868 0.30249 0.415527 0.0395508 0.0673828 
3 0.747008 0.756104 0.428711 0.13623 0.183594 
3 0.714315 0.213623 0.44043 0.0864258 0.101562 
3 0.709175 0.66626 0.39209 0.0668945 0.0810547 
9 0.645302 0.615723 0.425781 0.0380859 0.0488281 
3 0.628463 0.364258 0.401855 0.0234375 0.0380859 
9 0.554146 0.817871 0.481445 0.078125 0.138672 
3 0.537087 0.395264 0.401855 0.0268555 0.0341797 
3 0.43372 0.385498 0.398438 0.0209961 0.0351562 
3 0.407402 0.448242 0.414551 0.0292969 0.0615234 
3 0.357124 0.551514 0.387695 0.0297852 0.0292969 
0 0.330987 0.722656 0.328613 0.0283203 0.104492 
9 0.325329 0.628662 0.419434 0.0327148 0.0673828 
3 0.321455 0.542725 0.388184 0.0239258 0.0322266 
3 0.296695 0.428955 0.397949 0.0209961 0.0341797 
3 0.286523 0.415283 0.397949 0.0180664 0.0283203 
9 0.270909 0.834961 0.484375 0.0556641 0.132812 
3 0.26285 0.318604 0.414551 0.019043 0.0478516 
