3 0.935144 0.398926 0.424805 0.0576172 0.0878906 
3 0.931865 0.144775 0.461914 0.097168 0.126953 
3 0.871076 0.855225 0.526855 0.302246 0.454102 
3 0.83956 0.204834 0.445312 0.0717773 0.105469 
3 0.522979 0.0185547 0.507812 0.0410156 0.164062 
3 0.479085 0.24585 0.434082 0.0678711 0.100586 
3 0.386296 0.959473 0.662109 0.0791016 0.533203 
6 0.297932 0.504883 0.364258 0.0898438 0.226562 
3 0.935144 0.398926 0.424805 0.0576172 0.0878906 
3 0.931865 0.144775 0.461914 0.097168 0.126953 
3 0.871076 0.855225 0.526855 0.302246 0.454102 
3 0.83956 0.204834 0.445312 0.0717773 0.105469 
3 0.522979 0.0185547 0.507812 0.0410156 0.164062 
3 0.479085 0.24585 0.434082 0.0678711 0.100586 
3 0.386296 0.959473 0.662109 0.0791016 0.533203 
6 0.297932 0.504883 0.364258 0.0898438 0.226562 
