0 0.898946 0.637695 0.457031 0.0615234 0.287109 
0 0.882864 0.322021 0.461914 0.0424805 0.175781 
0 0.783539 0.77124 0.445801 0.0395508 0.208008 
0 0.746292 0.721924 0.446289 0.0600586 0.316406 
0 0.743279 0.54248 0.445312 0.0712891 0.244141 
0 0.724236 0.382812 0.447754 0.0429688 0.192383 
9 0.663474 0.242432 0.60791 0.118652 0.276367 
0 0.645946 0.456299 0.425293 0.0297852 0.129883 
0 0.645488 0.824707 0.442871 0.0449219 0.243164 
0 0.640343 0.927002 0.431641 0.0678711 0.310547 
0 0.57588 0.964844 0.415527 0.0244141 0.112305 
0 0.537046 0.762695 0.44873 0.0478516 0.260742 
0 0.536267 0.452393 0.422852 0.0463867 0.177734 
0 0.532848 0.510254 0.428711 0.0576172 0.275391 
0 0.481134 0.616455 0.459961 0.0473633 0.234375 
0 0.431676 0.275635 0.449707 0.0327148 0.180664 
0 0.37133 0.556641 0.427734 0.0546875 0.228516 
0 0.347422 0.290283 0.464844 0.0375977 0.171875 
0 0.344324 0.129395 0.449707 0.0253906 0.141602 
0 0.332758 0.222656 0.446777 0.0263672 0.149414 
0 0.314622 0.192871 0.447266 0.0263672 0.117188 
0 0.303697 0.895508 0.395996 0.0146484 0.0751953 
0 0.2901 0.984131 0.422852 0.0317383 0.203125 
3 0.275215 0.694092 0.395508 0.0317383 0.0585938 
3 0.253312 0.69165 0.411133 0.0317383 0.0429688 
