3 0.854196 0.786865 0.443359 0.0961914 0.128906 
3 0.789222 0.880371 0.462402 0.137695 0.163086 
3 0.765473 0.678467 0.426758 0.0395508 0.0703125 
3 0.737777 0.580322 0.40918 0.0239258 0.0371094 
3 0.724965 0.664307 0.421875 0.0288086 0.0605469 
3 0.715614 0.510986 0.408203 0.0317383 0.0351562 
3 0.695795 0.634033 0.414062 0.0249023 0.0371094 
3 0.662874 0.723877 0.432617 0.0717773 0.101562 
3 0.640061 0.952637 0.491699 0.0947266 0.213867 
3 0.551837 0.650146 0.417969 0.0249023 0.0507812 
3 0.33658 0.693359 0.429688 0.0400391 0.0800781 
3 0.328033 0.635742 0.413574 0.0332031 0.0458984 
