3 0.877747 0.723145 0.432129 0.212891 0.139648 
0 0.635077 0.836426 0.381836 0.0205078 0.0917969 
0 0.533197 0.540771 0.40332 0.0180664 0.0898438 
0 0.494501 0.0546875 0.422363 0.0380859 0.147461 
0 0.46774 0.430176 0.402344 0.0166016 0.0644531 
0 0.458707 0.117432 0.422363 0.0327148 0.106445 
0 0.423886 0.299561 0.417969 0.0131836 0.0546875 
2 0.41512 0.0549316 0.416992 0.0473633 0.167969 
0 0.380861 0.131836 0.42041 0.0205078 0.0966797 
10 0.378772 0.113037 0.451172 0.10498 0.113281 
0 0.371792 0.393799 0.410645 0.0131836 0.0556641 
0 0.34662 0.571777 0.409668 0.0205078 0.0888672 
0 0.317244 0.368408 0.412598 0.0151367 0.0595703 
0 0.315091 0.462158 0.401367 0.0161133 0.0429688 
8 0.29192 0.117188 0.44873 0.0644531 0.106445 
0 0.278238 0.473633 0.400879 0.0126953 0.0400391 
9 0.273197 0.0522461 0.455566 0.0576172 0.118164 
