3 0.896229 0.295166 0.430664 0.0708008 0.0839844 
3 0.88372 0.630859 0.416504 0.0761719 0.0986328 
3 0.8734 0.105469 0.474609 0.144531 0.166016 
3 0.869994 0.732666 0.470703 0.145996 0.195312 
0 0.868266 0.177002 0.426758 0.0239258 0.107422 
3 0.785473 0.0393066 0.457031 0.0825195 0.117188 
3 0.775667 0.846436 0.512695 0.218262 0.300781 
3 0.694493 0.933105 0.560059 0.12793 0.473633 
0 0.594083 0.200439 0.432129 0.0200195 0.104492 
0 0.52988 0.204346 0.432129 0.0180664 0.0849609 
0 0.506823 0.365479 0.415039 0.0141602 0.0585938 
7 0.47985 0.445557 0.364746 0.0795898 0.249023 
3 0.408433 0.604492 0.415039 0.0205078 0.0585938 
7 0.355572 0.444092 0.36377 0.124512 0.204102 
0 0.350643 0.521973 0.393066 0.00878906 0.0400391 
0 0.347542 0.382568 0.413086 0.012207 0.0527344 
6 0.273304 0.445557 0.364746 0.0795898 0.249023 
6 0.270157 0.444092 0.36377 0.124512 0.204102 
