3 0.881437 0.452393 0.432129 0.0786133 0.0966797 
0 0.843412 0.882568 0.416016 0.0551758 0.324219 
0 0.558265 0.833984 0.41748 0.046875 0.249023 
0 0.548651 0.0354004 0.411621 0.050293 0.196289 
0 0.544917 0.790283 0.420898 0.0483398 0.302734 
0 0.504174 0.776611 0.42334 0.0415039 0.272461 
0 0.461424 0.207764 0.412598 0.019043 0.0654297 
0 0.460758 0.491211 0.429199 0.0146484 0.0576172 
0 0.435087 0.165527 0.418457 0.0214844 0.0849609 
0 0.404505 0.521729 0.428711 0.0131836 0.0507812 
9 0.402453 0.349121 0.444824 0.0507812 0.0615234 
9 0.398041 0.337158 0.447754 0.0336914 0.0634766 
0 0.396756 0.0849609 0.419434 0.0332031 0.0908203 
0 0.396149 0.240234 0.418945 0.0185547 0.0625 
0 0.387991 0.175781 0.416016 0.0185547 0.0625 
0 0.36441 0.667969 0.417969 0.0175781 0.107422 
0 0.34217 0.199219 0.398438 0.0166016 0.0449219 
3 0.312846 0.0246582 0.521973 0.0532227 0.241211 
0 0.289457 0.134277 0.397949 0.0205078 0.0654297 
0 0.286904 0.207031 0.401855 0.015625 0.0458984 
9 0.274855 0.366211 0.442871 0.0273438 0.0478516 
0 0.26084 0.70752 0.424316 0.0224609 0.139648 
0 0.258958 0.507812 0.430176 0.0126953 0.0478516 
