3 0.827187 0.473877 0.449707 0.124512 0.172852 
0 0.74602 0.65918 0.398926 0.0214844 0.0986328 
0 0.694911 0.602539 0.400879 0.0195312 0.0927734 
0 0.639838 0.648193 0.397461 0.0239258 0.101562 
9 0.637355 0.869385 0.421387 0.0356445 0.0615234 
0 0.535235 0.568115 0.397949 0.0170898 0.0927734 
0 0.505732 0.635498 0.400879 0.0219727 0.106445 
0 0.485628 0.684082 0.399414 0.0195312 0.09375 
0 0.47518 0.691162 0.399414 0.0209961 0.101562 
0 0.423382 0.753662 0.418457 0.0317383 0.147461 
9 0.387922 0.945068 0.486328 0.10498 0.199219 
9 0.357994 0.882812 0.422363 0.0332031 0.0595703 
0 0.336105 0.728271 0.422363 0.0200195 0.0732422 
0 0.32491 0.912354 0.414062 0.0307617 0.136719 
0 0.32127 0.506104 0.367188 0.0200195 0.0527344 
0 0.317364 0.242188 0.38623 0.0263672 0.135742 
0 0.260369 0.631592 0.411133 0.0180664 0.0800781 
