3 0.889544 0.734375 0.401367 0.132812 0.220703 
3 0.856982 0.551514 0.400391 0.0375977 0.0488281 
3 0.777095 0.44165 0.416016 0.0463867 0.0644531 
3 0.758562 0.668701 0.421387 0.0483398 0.108398 
0 0.743114 0.23999 0.422363 0.0209961 0.0966797 
3 0.741148 0.878906 0.462891 0.21582 0.294922 
3 0.71702 0.959229 0.481934 0.0922852 0.428711 
3 0.687349 0.634766 0.413574 0.0429688 0.0810547 
0 0.626644 0.225586 0.422363 0.0244141 0.110352 
0 0.590154 0.20874 0.41748 0.0297852 0.120117 
0 0.543672 0.325684 0.396973 0.0136719 0.0576172 
3 0.533268 0.600342 0.401855 0.0327148 0.0576172 
3 0.481493 0.616943 0.410645 0.0356445 0.0693359 
9 0.362855 0.258789 0.44873 0.0527344 0.0791016 
0 0.362246 0.333984 0.400391 0.0185547 0.0449219 
9 0.295547 0.271729 0.445312 0.0581055 0.0859375 
0 0.275223 0.275635 0.392578 0.0200195 0.0625 
