3 0.801741 0.146729 0.398438 0.0327148 0.0507812 
3 0.653972 0.675781 0.408203 0.0253906 0.0332031 
3 0.63225 0.64502 0.409668 0.0341797 0.0419922 
2 0.488238 0.505127 0.418457 0.0258789 0.0888672 
3 0.476094 0.16333 0.39209 0.0180664 0.0341797 
2 0.426819 0.496094 0.419434 0.0224609 0.0908203 
3 0.318934 0.66626 0.409668 0.0229492 0.0361328 
3 0.298084 0.637939 0.40918 0.0258789 0.0351562 
0 0.270937 0.226807 0.424316 0.0170898 0.0810547 
3 0.263552 0.71167 0.400879 0.0200195 0.0224609 
0 0.256491 0.534912 0.414062 0.0200195 0.0878906 
