3 0.798333 0.389404 0.394531 0.081543 0.158203 
3 0.64858 0.601074 0.400879 0.0371094 0.0576172 
3 0.631481 0.630615 0.396484 0.034668 0.046875 
3 0.58029 0.555908 0.390137 0.019043 0.0263672 
3 0.567208 0.674561 0.424316 0.059082 0.102539 
3 0.533907 0.699951 0.432617 0.0942383 0.130859 
3 0.413292 0.664307 0.42041 0.043457 0.0908203 
3 0.409474 0.568115 0.391602 0.019043 0.0273438 
3 0.314811 0.538086 0.387207 0.0185547 0.0244141 
3 0.798333 0.389404 0.394531 0.081543 0.158203 
3 0.64858 0.601074 0.400879 0.0371094 0.0576172 
3 0.631481 0.630615 0.396484 0.034668 0.046875 
3 0.58029 0.555908 0.390137 0.019043 0.0263672 
3 0.567208 0.674561 0.424316 0.059082 0.102539 
3 0.533907 0.699951 0.432617 0.0942383 0.130859 
3 0.413292 0.664307 0.42041 0.043457 0.0908203 
3 0.409474 0.568115 0.391602 0.019043 0.0273438 
3 0.314811 0.538086 0.387207 0.0185547 0.0244141 
