0 0.74525 0.849609 0.442871 0.0166016 0.0830078 
0 0.730925 0.119873 0.431152 0.019043 0.104492 
3 0.72388 0.444824 0.422363 0.0273438 0.0478516 
0 0.705732 0.909668 0.418945 0.0332031 0.130859 
3 0.70302 0.478027 0.423828 0.046875 0.0664062 
3 0.678196 0.275879 0.440918 0.0742188 0.0888672 
3 0.656132 0.64502 0.397949 0.328125 0.291992 
0 0.646201 0.902832 0.419922 0.0332031 0.148438 
0 0.639776 0.83252 0.42334 0.0283203 0.15918 
3 0.570598 0.351807 0.424316 0.019043 0.0400391 
3 0.515329 0.36499 0.419434 0.0161133 0.0283203 
3 0.514974 0.490479 0.430664 0.0415039 0.078125 
0 0.505257 0.142334 0.432617 0.0200195 0.09375 
0 0.467496 0.581299 0.265137 0.0219727 0.0537109 
3 0.449395 0.325928 0.429199 0.0454102 0.0810547 
3 0.316252 0.333984 0.427246 0.0351562 0.0712891 
0 0.282986 0.177002 0.43457 0.0170898 0.0664062 
0 0.281427 0.134766 0.431152 0.0185547 0.0966797 
3 0.27457 0.397949 0.419434 0.0185547 0.0263672 
3 0.254092 0.415283 0.422363 0.0161133 0.0224609 
0 0.74525 0.849609 0.442871 0.0166016 0.0830078 
0 0.730925 0.119873 0.431152 0.019043 0.104492 
3 0.72388 0.444824 0.422363 0.0273438 0.0478516 
0 0.705732 0.909668 0.418945 0.0332031 0.130859 
3 0.70302 0.478027 0.423828 0.046875 0.0664062 
3 0.678196 0.275879 0.440918 0.0742188 0.0888672 
3 0.656132 0.64502 0.397949 0.328125 0.291992 
0 0.646201 0.902832 0.419922 0.0332031 0.148438 
0 0.639776 0.83252 0.42334 0.0283203 0.15918 
3 0.570598 0.351807 0.424316 0.019043 0.0400391 
3 0.515329 0.36499 0.419434 0.0161133 0.0283203 
3 0.514974 0.490479 0.430664 0.0415039 0.078125 
0 0.505257 0.142334 0.432617 0.0200195 0.09375 
0 0.467496 0.581299 0.265137 0.0219727 0.0537109 
3 0.449395 0.325928 0.429199 0.0454102 0.0810547 
3 0.316252 0.333984 0.427246 0.0351562 0.0712891 
0 0.282986 0.177002 0.43457 0.0170898 0.0664062 
0 0.281427 0.134766 0.431152 0.0185547 0.0966797 
3 0.27457 0.397949 0.419434 0.0185547 0.0263672 
3 0.254092 0.415283 0.422363 0.0161133 0.0224609 
0 0.74525 0.849609 0.442871 0.0166016 0.0830078 
0 0.730925 0.119873 0.431152 0.019043 0.104492 
3 0.72388 0.444824 0.422363 0.0273438 0.0478516 
0 0.705732 0.909668 0.418945 0.0332031 0.130859 
3 0.70302 0.478027 0.423828 0.046875 0.0664062 
3 0.678196 0.275879 0.440918 0.0742188 0.0888672 
3 0.656132 0.64502 0.397949 0.328125 0.291992 
0 0.646201 0.902832 0.419922 0.0332031 0.148438 
0 0.639776 0.83252 0.42334 0.0283203 0.15918 
3 0.570598 0.351807 0.424316 0.019043 0.0400391 
3 0.515329 0.36499 0.419434 0.0161133 0.0283203 
3 0.514974 0.490479 0.430664 0.0415039 0.078125 
0 0.505257 0.142334 0.432617 0.0200195 0.09375 
0 0.467496 0.581299 0.265137 0.0219727 0.0537109 
3 0.449395 0.325928 0.429199 0.0454102 0.0810547 
3 0.316252 0.333984 0.427246 0.0351562 0.0712891 
0 0.282986 0.177002 0.43457 0.0170898 0.0664062 
0 0.281427 0.134766 0.431152 0.0185547 0.0966797 
3 0.27457 0.397949 0.419434 0.0185547 0.0263672 
3 0.254092 0.415283 0.422363 0.0161133 0.0224609 
