3 0.885292 0.137939 0.584473 0.280762 0.46582 
0 0.735248 0.67041 0.393066 0.0429688 0.209961 
3 0.51252 0.244629 0.467773 0.0703125 0.105469 
3 0.494208 0.288818 0.448242 0.0327148 0.0566406 
3 0.493344 0.414795 0.416992 0.0180664 0.03125 
3 0.49055 0.320312 0.433594 0.0244141 0.0429688 
3 0.41893 0.492432 0.412109 0.019043 0.0332031 
3 0.368935 0.25708 0.452148 0.0610352 0.0683594 
3 0.366181 0.335205 0.431152 0.019043 0.0361328 
3 0.314953 0.303711 0.442871 0.0244141 0.0537109 
0 0.263239 0.650391 0.392578 0.0302734 0.142578 
3 0.255291 0.479004 0.412598 0.0166016 0.0263672 
