3 0.872434 0.847412 0.472168 0.223145 0.299805 
3 0.857031 0.615967 0.424805 0.0395508 0.0859375 
3 0.831513 0.929443 0.559082 0.137207 0.47168 
3 0.8305 0.722412 0.472168 0.125488 0.180664 
3 0.747919 0.107422 0.434082 0.226562 0.307617 
9 0.716056 0.477539 0.456543 0.0371094 0.0810547 
3 0.699589 0.398926 0.411621 0.0390625 0.0634766 
3 0.694248 0.366211 0.425781 0.0449219 0.0800781 
3 0.671756 0.310547 0.428223 0.0732422 0.108398 
3 0.636144 0.35498 0.427246 0.0449219 0.0830078 
3 0.610453 0.254395 0.444336 0.0703125 0.125 
3 0.60324 0.641113 0.426758 0.0673828 0.117188 
3 0.57902 0.381836 0.419434 0.0361328 0.0673828 
3 0.500933 0.411621 0.411133 0.0322266 0.0546875 
3 0.497442 0.662842 0.433105 0.0864258 0.118164 
2 0.490988 0.476807 0.419922 0.0375977 0.0839844 
3 0.396277 0.47583 0.418945 0.0297852 0.0917969 
3 0.382375 0.630127 0.426758 0.0532227 0.0996094 
2 0.301558 0.488281 0.419922 0.0214844 0.113281 
0 0.278469 0.760742 0.384277 0.0185547 0.0673828 
3 0.258473 0.431641 0.413574 0.0361328 0.0556641 
3 0.256425 0.606445 0.419922 0.0292969 0.0800781 
