3 0.904987 0.320557 0.431152 0.0893555 0.114258 
3 0.875563 0.429199 0.430664 0.0917969 0.126953 
3 0.856433 0.197266 0.45752 0.151367 0.15918 
3 0.849872 0.920654 0.416504 0.159668 0.424805 
3 0.792911 0.589111 0.405273 0.0512695 0.0878906 
3 0.693141 0.373047 0.422363 0.0566406 0.0966797 
3 0.68671 0.7229 0.356934 0.216309 0.405273 
9 0.61148 0.0871582 0.485352 0.0522461 0.119141 
0 0.541141 0.49585 0.391113 0.0131836 0.0615234 
3 0.526054 0.615234 0.387207 0.0185547 0.0498047 
3 0.29755 0.539062 0.391113 0.0205078 0.0283203 
3 0.282424 0.598145 0.394531 0.0390625 0.0625 
3 0.263057 0.463867 0.418945 0.0273438 0.09375 
3 0.250517 0.258789 0.447754 0.0771484 0.151367 
