0 0.906931 0.0983887 0.412109 0.0200195 0.0703125 
3 0.854664 0.660645 0.416504 0.0830078 0.100586 
0 0.745183 0.0734863 0.412598 0.0161133 0.0654297 
0 0.634039 0.083252 0.413574 0.019043 0.0673828 
0 0.574887 0.052002 0.414551 0.019043 0.0927734 
3 0.568348 0.583496 0.385254 0.0292969 0.0380859 
3 0.543379 0.477051 0.398438 0.0634766 0.0488281 
0 0.524752 0.709961 0.417969 0.0292969 0.167969 
9 0.496796 0.274414 0.427734 0.0332031 0.0605469 
2 0.491343 0.75415 0.42041 0.0639648 0.208008 
3 0.468068 0.492676 0.397949 0.0390625 0.0458984 
9 0.453366 0.745605 0.483398 0.138672 0.164062 
9 0.407081 0.285156 0.427734 0.0332031 0.0664062 
3 0.406034 0.605225 0.398926 0.0424805 0.0556641 
10 0.363812 0.348877 0.419434 0.0561523 0.0634766 
3 0.338519 0.573975 0.38623 0.0249023 0.0341797 
3 0.328299 0.613037 0.404297 0.0463867 0.0664062 
0 0.906931 0.0983887 0.412109 0.0200195 0.0703125 
3 0.854664 0.660645 0.416504 0.0830078 0.100586 
0 0.745183 0.0734863 0.412598 0.0161133 0.0654297 
0 0.634039 0.083252 0.413574 0.019043 0.0673828 
0 0.574887 0.052002 0.414551 0.019043 0.0927734 
3 0.568348 0.583496 0.385254 0.0292969 0.0380859 
3 0.543379 0.477051 0.398438 0.0634766 0.0488281 
0 0.524752 0.709961 0.417969 0.0292969 0.167969 
9 0.496796 0.274414 0.427734 0.0332031 0.0605469 
2 0.491343 0.75415 0.42041 0.0639648 0.208008 
3 0.468068 0.492676 0.397949 0.0390625 0.0458984 
9 0.453366 0.745605 0.483398 0.138672 0.164062 
9 0.407081 0.285156 0.427734 0.0332031 0.0664062 
3 0.406034 0.605225 0.398926 0.0424805 0.0556641 
10 0.363812 0.348877 0.419434 0.0561523 0.0634766 
3 0.338519 0.573975 0.38623 0.0249023 0.0341797 
3 0.328299 0.613037 0.404297 0.0463867 0.0664062 
