0 0.870638 0.166748 0.480957 0.0571289 0.303711 
0 0.868752 0.22876 0.491699 0.0698242 0.321289 
0 0.857389 0.33374 0.514648 0.0766602 0.384766 
0 0.844332 0.707031 0.490234 0.0751953 0.289062 
0 0.81326 0.615479 0.524902 0.0454102 0.293945 
0 0.812753 0.397705 0.488281 0.0708008 0.361328 
0 0.623232 0.837646 0.491211 0.0805664 0.316406 
0 0.621037 0.26123 0.484863 0.0292969 0.149414 
0 0.584781 0.118652 0.481445 0.0458984 0.246094 
0 0.521816 0.565674 0.48584 0.0620117 0.329102 
0 0.503847 0.0771484 0.46875 0.0488281 0.347656 
0 0.484168 0.584717 0.483887 0.081543 0.37207 
9 0.461168 0.0788574 0.54248 0.0688477 0.239258 
0 0.434534 0.631348 0.515137 0.046875 0.291992 
0 0.406168 0.86377 0.484375 0.0810547 0.304688 
0 0.288634 0.128662 0.486816 0.0405273 0.213867 
0 0.287707 0.606445 0.520996 0.0390625 0.250977 
0 0.260653 0.268311 0.486328 0.0258789 0.140625 
