3 0.885611 0.825928 0.428711 0.231934 0.388672 
3 0.88545 0.411377 0.440918 0.0786133 0.120117 
3 0.635069 0.923584 0.481445 0.14209 0.539062 
5 0.593105 0.66748 0.363281 0.146484 0.283203 
2 0.571738 0.2854 0.428711 0.0415039 0.173828 
9 0.565017 0.284668 0.486328 0.0292969 0.125 
3 0.545143 0.570312 0.411133 0.0341797 0.0449219 
0 0.435604 0.69751 0.455566 0.0493164 0.25293 
3 0.384925 0.523926 0.412109 0.0332031 0.0488281 
3 0.280882 0.540039 0.399902 0.0234375 0.0361328 
9 0.279892 0.283691 0.460938 0.0410156 0.150391 
3 0.885611 0.825928 0.428711 0.231934 0.388672 
3 0.88545 0.411377 0.440918 0.0786133 0.120117 
3 0.635069 0.923584 0.481445 0.14209 0.539062 
5 0.593105 0.66748 0.363281 0.146484 0.283203 
2 0.571738 0.2854 0.428711 0.0415039 0.173828 
9 0.565017 0.284668 0.486328 0.0292969 0.125 
3 0.545143 0.570312 0.411133 0.0341797 0.0449219 
0 0.435604 0.69751 0.455566 0.0493164 0.25293 
3 0.384925 0.523926 0.412109 0.0332031 0.0488281 
3 0.280882 0.540039 0.399902 0.0234375 0.0361328 
9 0.279892 0.283691 0.460938 0.0410156 0.150391 
