3 0.871907 0.264404 0.48291 0.0932617 0.157227 
3 0.862671 0.867676 0.554199 0.251953 0.336914 
3 0.832142 0.401611 0.450195 0.0463867 0.0664062 
3 0.816973 0.169189 0.493652 0.13916 0.225586 
3 0.76714 0.597656 0.462402 0.0341797 0.0791016 
3 0.717921 0.327881 0.458984 0.0717773 0.111328 
3 0.712443 0.692383 0.467285 0.140625 0.22168 
3 0.690576 0.588867 0.456055 0.0332031 0.0683594 
3 0.684262 0.0644531 0.550781 0.126953 0.341797 
3 0.654566 0.571289 0.44873 0.0263672 0.0556641 
3 0.64445 0.743408 0.508301 0.151855 0.254883 
3 0.570346 0.537842 0.427734 0.0297852 0.0449219 
3 0.548075 0.612305 0.472656 0.046875 0.103516 
3 0.541319 0.489746 0.432129 0.0263672 0.0458984 
3 0.512436 0.62915 0.474609 0.0522461 0.109375 
3 0.484235 0.430908 0.441406 0.0444336 0.0566406 
3 0.373898 0.480713 0.43457 0.0268555 0.0488281 
3 0.351815 0.384277 0.450684 0.0458984 0.102539 
3 0.345718 0.411133 0.447266 0.03125 0.0664062 
3 0.302198 0.525635 0.424805 0.0200195 0.0371094 
3 0.280088 0.321533 0.478027 0.0551758 0.106445 
3 0.270274 0.349365 0.45166 0.0532227 0.0830078 
3 0.26303 0.432129 0.433105 0.0302734 0.0654297 
