3 0.661091 0.608643 0.38623 0.0620117 0.0654297 
3 0.372252 0.708008 0.37793 0.0380859 0.0449219 
3 0.354753 0.773926 0.366699 0.0234375 0.0283203 
3 0.319806 0.756104 0.365723 0.0258789 0.0361328 
3 0.661091 0.608643 0.38623 0.0620117 0.0654297 
3 0.372252 0.708008 0.37793 0.0380859 0.0449219 
3 0.354753 0.773926 0.366699 0.0234375 0.0283203 
3 0.319806 0.756104 0.365723 0.0258789 0.0361328 
3 0.661091 0.608643 0.38623 0.0620117 0.0654297 
3 0.372252 0.708008 0.37793 0.0380859 0.0449219 
3 0.354753 0.773926 0.366699 0.0234375 0.0283203 
3 0.319806 0.756104 0.365723 0.0258789 0.0361328 
