3 0.946352 0.414551 0.421875 0.0712891 0.0917969 
3 0.916017 0.506104 0.42627 0.0922852 0.108398 
3 0.913457 0.243896 0.415039 0.0620117 0.0898438 
3 0.902252 0.771729 0.408203 0.141113 0.203125 
3 0.890817 0.891602 0.424316 0.19043 0.290039 
3 0.786129 0.706543 0.415039 0.0625 0.115234 
9 0.714152 0.667725 0.486328 0.0239258 0.105469 
3 0.648567 0.3396 0.403809 0.0561523 0.0849609 
2 0.54741 0.663818 0.40332 0.050293 0.171875 
3 0.50344 0.287354 0.412598 0.027832 0.0458984 
3 0.464562 0.635986 0.413086 0.0336914 0.0605469 
3 0.431263 0.645264 0.415527 0.0375977 0.0791016 
0 0.413989 0.949707 0.463379 0.078125 0.313477 
9 0.383202 0.66748 0.456055 0.0332031 0.152344 
3 0.946352 0.414551 0.421875 0.0712891 0.0917969 
3 0.916017 0.506104 0.42627 0.0922852 0.108398 
3 0.913457 0.243896 0.415039 0.0620117 0.0898438 
3 0.902252 0.771729 0.408203 0.141113 0.203125 
3 0.890817 0.891602 0.424316 0.19043 0.290039 
3 0.786129 0.706543 0.415039 0.0625 0.115234 
9 0.714152 0.667725 0.486328 0.0239258 0.105469 
3 0.648567 0.3396 0.403809 0.0561523 0.0849609 
2 0.54741 0.663818 0.40332 0.050293 0.171875 
3 0.50344 0.287354 0.412598 0.027832 0.0458984 
3 0.464562 0.635986 0.413086 0.0336914 0.0605469 
3 0.431263 0.645264 0.415527 0.0375977 0.0791016 
0 0.413989 0.949707 0.463379 0.078125 0.313477 
9 0.383202 0.66748 0.456055 0.0332031 0.152344 
