3 0.78641 0.959961 0.53418 0.0800781 0.314453 
3 0.699861 0.660645 0.415527 0.0517578 0.0810547 
3 0.688774 0.607422 0.411133 0.0244141 0.0390625 
0 0.493563 0.740967 0.411133 0.0200195 0.0957031 
3 0.319175 0.649902 0.415527 0.0390625 0.0634766 
3 0.285667 0.663086 0.396484 0.0605469 0.0976562 
3 0.78641 0.959961 0.53418 0.0800781 0.314453 
3 0.699861 0.660645 0.415527 0.0517578 0.0810547 
3 0.688774 0.607422 0.411133 0.0244141 0.0390625 
0 0.493563 0.740967 0.411133 0.0200195 0.0957031 
3 0.319175 0.649902 0.415527 0.0390625 0.0634766 
3 0.285667 0.663086 0.396484 0.0605469 0.0976562 
