3 0.93047 0.161621 0.479004 0.101562 0.100586 
3 0.853374 0.0585938 0.491211 0.125 0.148438 
3 0.846544 0.263428 0.44873 0.0776367 0.0869141 
3 0.841631 0.402832 0.427246 0.0439453 0.0576172 
3 0.745444 0.906006 0.39209 0.178223 0.413086 
3 0.656495 0.631104 0.441406 0.0610352 0.0878906 
6 0.500482 0.766357 0.356445 0.223145 0.248047 
3 0.479419 0.588379 0.429199 0.0253906 0.0361328 
3 0.448079 0.551514 0.424805 0.0336914 0.0507812 
3 0.409652 0.601318 0.42334 0.027832 0.0439453 
8 0.394563 0.31665 0.444336 0.0463867 0.0820312 
3 0.31625 0.31665 0.447754 0.0649414 0.0673828 
3 0.302164 0.365234 0.431641 0.0371094 0.0703125 
