3 0.901242 0.505859 0.472168 0.162109 0.276367 
3 0.899652 0.134521 0.428223 0.10498 0.104492 
3 0.881557 0.918213 0.563965 0.160645 0.49707 
3 0.879401 0.793457 0.459473 0.201172 0.28418 
3 0.822377 0.194824 0.418945 0.0664062 0.0839844 
3 0.769916 0.69165 0.421387 0.114746 0.198242 
3 0.748469 0.257568 0.409668 0.0483398 0.0791016 
0 0.600359 0.335449 0.416992 0.0332031 0.146484 
3 0.532749 0.285889 0.400391 0.0239258 0.0390625 
0 0.488577 0.902344 0.384766 0.0341797 0.130859 
3 0.441829 0.272705 0.402832 0.0405273 0.0556641 
3 0.434427 0.573486 0.399414 0.027832 0.046875 
3 0.33098 0.0129395 0.450195 0.0288086 0.15625 
3 0.297462 0.0117188 0.454102 0.0195312 0.136719 
0 0.280291 0.911377 0.385742 0.0356445 0.121094 
8 0.262491 0.0117188 0.454102 0.0195312 0.136719 
