3 0.884773 0.435303 0.41748 0.104004 0.168945 
3 0.48915 0.981934 0.385254 0.0283203 0.0400391 
6 0.43509 0.769531 0.35498 0.240234 0.15332 
3 0.360345 0.987793 0.387207 0.0263672 0.0478516 
0 0.30377 0.315918 0.391113 0.0146484 0.0732422 
3 0.884773 0.435303 0.41748 0.104004 0.168945 
3 0.48915 0.981934 0.385254 0.0283203 0.0400391 
6 0.43509 0.769531 0.35498 0.240234 0.15332 
3 0.360345 0.987793 0.387207 0.0263672 0.0478516 
0 0.30377 0.315918 0.391113 0.0146484 0.0732422 
3 0.884773 0.435303 0.41748 0.104004 0.168945 
3 0.48915 0.981934 0.385254 0.0283203 0.0400391 
6 0.43509 0.769531 0.35498 0.240234 0.15332 
3 0.360345 0.987793 0.387207 0.0263672 0.0478516 
0 0.30377 0.315918 0.391113 0.0146484 0.0732422 
