0 0.848084 0.395508 0.513672 0.0712891 0.464844 
3 0.843878 0.918945 0.417969 0.118164 0.0761719 
0 0.832324 0.163086 0.527344 0.108398 0.357422 
0 0.69373 0.23877 0.487305 0.0859375 0.304688 
0 0.512177 0.745117 0.400391 0.0273438 0.146484 
3 0.436345 0.522217 0.421387 0.0209961 0.0263672 
3 0.369831 0.554443 0.424316 0.0219727 0.0361328 
1 0.356847 0.428223 0.41748 0.0224609 0.0400391 
0 0.344006 0.776855 0.393066 0.0292969 0.131836 
0 0.337713 0.716309 0.397949 0.0214844 0.102539 
0 0.334842 0.721924 0.399414 0.0249023 0.128906 
9 0.264104 0.678223 0.439941 0.0673828 0.0791016 
