3 0.848391 0.137207 0.518066 0.282227 0.374023 
2 0.798872 0.682373 0.39209 0.0385742 0.166992 
0 0.693943 0.243164 0.414551 0.03125 0.116211 
0 0.684722 0.628174 0.39209 0.0141602 0.0634766 
0 0.639316 0.62207 0.393066 0.0146484 0.0556641 
9 0.539275 0.681641 0.422852 0.0429688 0.132812 
0 0.535234 0.651855 0.388672 0.0205078 0.0996094 
0 0.527133 0.931396 0.366699 0.0395508 0.213867 
0 0.467007 0.587402 0.391602 0.0175781 0.0644531 
9 0.460111 0.683594 0.442383 0.0292969 0.105469 
0 0.278829 0.628174 0.391113 0.0219727 0.0732422 
0 0.277284 0.598877 0.39209 0.0151367 0.0634766 
2 0.266274 0.682861 0.368164 0.0336914 0.107422 
2 0.257407 0.662354 0.389648 0.027832 0.117188 
0 0.252212 0.571777 0.388184 0.0107422 0.0478516 
3 0.848391 0.137207 0.518066 0.282227 0.374023 
2 0.798872 0.682373 0.39209 0.0385742 0.166992 
0 0.693943 0.243164 0.414551 0.03125 0.116211 
0 0.684722 0.628174 0.39209 0.0141602 0.0634766 
0 0.639316 0.62207 0.393066 0.0146484 0.0556641 
9 0.539275 0.681641 0.422852 0.0429688 0.132812 
0 0.535234 0.651855 0.388672 0.0205078 0.0996094 
0 0.527133 0.931396 0.366699 0.0395508 0.213867 
0 0.467007 0.587402 0.391602 0.0175781 0.0644531 
9 0.460111 0.683594 0.442383 0.0292969 0.105469 
0 0.278829 0.628174 0.391113 0.0219727 0.0732422 
0 0.277284 0.598877 0.39209 0.0151367 0.0634766 
2 0.266274 0.682861 0.368164 0.0336914 0.107422 
2 0.257407 0.662354 0.389648 0.027832 0.117188 
0 0.252212 0.571777 0.388184 0.0107422 0.0478516 
3 0.848391 0.137207 0.518066 0.282227 0.374023 
2 0.798872 0.682373 0.39209 0.0385742 0.166992 
0 0.693943 0.243164 0.414551 0.03125 0.116211 
0 0.684722 0.628174 0.39209 0.0141602 0.0634766 
0 0.639316 0.62207 0.393066 0.0146484 0.0556641 
9 0.539275 0.681641 0.422852 0.0429688 0.132812 
0 0.535234 0.651855 0.388672 0.0205078 0.0996094 
0 0.527133 0.931396 0.366699 0.0395508 0.213867 
0 0.467007 0.587402 0.391602 0.0175781 0.0644531 
9 0.460111 0.683594 0.442383 0.0292969 0.105469 
0 0.278829 0.628174 0.391113 0.0219727 0.0732422 
0 0.277284 0.598877 0.39209 0.0151367 0.0634766 
2 0.266274 0.682861 0.368164 0.0336914 0.107422 
2 0.257407 0.662354 0.389648 0.027832 0.117188 
0 0.252212 0.571777 0.388184 0.0107422 0.0478516 
