3 0.926058 0.523926 0.421875 0.0771484 0.09375 
0 0.850749 0.914795 0.387207 0.027832 0.12793 
0 0.815655 0.873047 0.390625 0.0234375 0.103516 
2 0.740559 0.672852 0.415527 0.0537109 0.147461 
2 0.702256 0.304443 0.463379 0.097168 0.407227 
3 0.675314 0.354492 0.412598 0.0673828 0.139648 
0 0.517094 0.0383301 0.386719 0.0483398 0.210938 
3 0.493024 0.581787 0.397949 0.043457 0.0556641 
9 0.49179 0.0478516 0.480957 0.09375 0.25293 
0 0.464025 0.0405273 0.405762 0.0595703 0.293945 
9 0.326424 0.756592 0.398438 0.019043 0.0507812 
8 0.289272 0.305664 0.533691 0.0888672 0.266602 
3 0.926058 0.523926 0.421875 0.0771484 0.09375 
0 0.850749 0.914795 0.387207 0.027832 0.12793 
0 0.815655 0.873047 0.390625 0.0234375 0.103516 
2 0.740559 0.672852 0.415527 0.0537109 0.147461 
2 0.702256 0.304443 0.463379 0.097168 0.407227 
3 0.675314 0.354492 0.412598 0.0673828 0.139648 
0 0.517094 0.0383301 0.386719 0.0483398 0.210938 
3 0.493024 0.581787 0.397949 0.043457 0.0556641 
9 0.49179 0.0478516 0.480957 0.09375 0.25293 
0 0.464025 0.0405273 0.405762 0.0595703 0.293945 
9 0.326424 0.756592 0.398438 0.019043 0.0507812 
8 0.289272 0.305664 0.533691 0.0888672 0.266602 
