3 0.853835 0.28833 0.398438 0.0385742 0.0585938 
0 0.780963 0.76001 0.420898 0.0483398 0.304688 
0 0.691869 0.603271 0.382812 0.0249023 0.119141 
3 0.683552 0.211914 0.419434 0.0664062 0.0712891 
0 0.659579 0.804199 0.453613 0.0332031 0.18457 
3 0.606931 0.337646 0.388672 0.0327148 0.0371094 
3 0.589138 0.504395 0.398926 0.0371094 0.0673828 
3 0.556152 0.254639 0.413086 0.0512695 0.0683594 
3 0.520751 0.494873 0.391113 0.0405273 0.0615234 
3 0.487493 0.303955 0.398438 0.0307617 0.0507812 
0 0.434266 0.839355 0.426758 0.0576172 0.283203 
3 0.430455 0.31958 0.396973 0.0229492 0.0380859 
3 0.415336 0.525146 0.412109 0.0473633 0.0664062 
3 0.400334 0.348877 0.385742 0.0249023 0.0332031 
10 0.329961 0.581055 0.415527 0.0830078 0.0654297 
3 0.323699 0.224121 0.421875 0.0556641 0.0605469 
3 0.311291 0.897217 0.378418 0.0834961 0.0712891 
0 0.305812 0.161377 0.397461 0.0180664 0.0546875 
3 0.295486 0.273926 0.410156 0.03125 0.0546875 
0 0.291693 0.583008 0.384277 0.0224609 0.0869141 
3 0.288645 0.473877 0.387207 0.0229492 0.0458984 
9 0.262178 0.194092 0.424316 0.0249023 0.0595703 
9 0.254587 0.118164 0.427246 0.0429688 0.0576172 
3 0.853835 0.28833 0.398438 0.0385742 0.0585938 
0 0.780963 0.76001 0.420898 0.0483398 0.304688 
0 0.691869 0.603271 0.382812 0.0249023 0.119141 
3 0.683552 0.211914 0.419434 0.0664062 0.0712891 
0 0.659579 0.804199 0.453613 0.0332031 0.18457 
3 0.606931 0.337646 0.388672 0.0327148 0.0371094 
3 0.589138 0.504395 0.398926 0.0371094 0.0673828 
3 0.556152 0.254639 0.413086 0.0512695 0.0683594 
3 0.520751 0.494873 0.391113 0.0405273 0.0615234 
3 0.487493 0.303955 0.398438 0.0307617 0.0507812 
0 0.434266 0.839355 0.426758 0.0576172 0.283203 
3 0.430455 0.31958 0.396973 0.0229492 0.0380859 
3 0.415336 0.525146 0.412109 0.0473633 0.0664062 
3 0.400334 0.348877 0.385742 0.0249023 0.0332031 
10 0.329961 0.581055 0.415527 0.0830078 0.0654297 
3 0.323699 0.224121 0.421875 0.0556641 0.0605469 
3 0.311291 0.897217 0.378418 0.0834961 0.0712891 
0 0.305812 0.161377 0.397461 0.0180664 0.0546875 
3 0.295486 0.273926 0.410156 0.03125 0.0546875 
0 0.291693 0.583008 0.384277 0.0224609 0.0869141 
3 0.288645 0.473877 0.387207 0.0229492 0.0458984 
9 0.262178 0.194092 0.424316 0.0249023 0.0595703 
9 0.254587 0.118164 0.427246 0.0429688 0.0576172 
