3 0.930226 0.522461 0.416016 0.0761719 0.113281 
3 0.805145 0.632812 0.419434 0.0429688 0.118164 
9 0.685373 0.777344 0.453125 0.0205078 0.0898438 
3 0.663946 0.076416 0.422852 0.157715 0.160156 
9 0.652152 0.318359 0.425293 0.0263672 0.0712891 
3 0.629075 0.236816 0.408203 0.111328 0.0839844 
3 0.623532 0.296631 0.407715 0.0717773 0.0869141 
3 0.599975 0.585938 0.395996 0.0253906 0.0595703 
3 0.578729 0.673584 0.410156 0.104004 0.185547 
3 0.563555 0.336426 0.394043 0.0429688 0.0673828 
3 0.551179 0.458496 0.381348 0.0263672 0.0341797 
3 0.50484 0.603027 0.410156 0.0244141 0.0625 
3 0.476282 0.395996 0.367676 0.0791016 0.0888672 
3 0.455532 0.304443 0.39209 0.065918 0.0771484 
3 0.438965 0.134277 0.425781 0.103516 0.126953 
3 0.429756 0.618164 0.40918 0.0390625 0.0898438 
3 0.421995 0.599854 0.401367 0.0317383 0.0742188 
9 0.406687 0.958496 0.447754 0.0605469 0.135742 
3 0.402531 0.364014 0.394043 0.0395508 0.0556641 
3 0.352101 0.571045 0.386719 0.0200195 0.0429688 
4 0.33883 0.571777 0.385254 0.0263672 0.0478516 
3 0.332614 0.307129 0.419922 0.0478516 0.0625 
3 0.308829 0.353027 0.394531 0.0263672 0.0585938 
3 0.305215 0.381104 0.386719 0.0424805 0.0566406 
3 0.297804 0.617432 0.416992 0.0268555 0.0839844 
0 0.286501 0.693604 0.418457 0.050293 0.249023 
3 0.258209 0.356689 0.390625 0.050293 0.0742188 
3 0.25698 0.290771 0.412598 0.0512695 0.0712891 
