3 0.87719 0.908203 0.476074 0.185547 0.415039 
3 0.772711 0.568359 0.431641 0.0283203 0.0410156 
3 0.772342 0.519775 0.444336 0.0581055 0.0820312 
3 0.743083 0.254639 0.430176 0.214355 0.323242 
3 0.681412 0.586182 0.433105 0.0366211 0.0458984 
10 0.677911 0.772705 0.445801 0.0883789 0.0849609 
2 0.673571 0.443604 0.428711 0.019043 0.103516 
0 0.6106 0.13208 0.422852 0.0395508 0.191406 
3 0.592034 0.363525 0.432617 0.081543 0.166016 
9 0.560852 0.444824 0.446777 0.015625 0.0693359 
0 0.542442 0.444336 0.429688 0.0175781 0.0957031 
5 0.504911 0.662354 0.401367 0.126465 0.228516 
9 0.419647 0.0773926 0.481934 0.090332 0.157227 
3 0.329549 0.414795 0.444824 0.0385742 0.0634766 
3 0.32443 0.557373 0.430176 0.0229492 0.0341797 
0 0.283574 0.146484 0.423828 0.0283203 0.169922 
0 0.279279 0.429688 0.427246 0.0195312 0.102539 
3 0.25332 0.416504 0.427734 0.0517578 0.0996094 
