3 0.837561 0.916748 0.543945 0.17627 0.380859 
3 0.824538 0.818115 0.47168 0.145996 0.257812 
3 0.78954 0.32373 0.442871 0.0917969 0.129883 
3 0.748941 0.0766602 0.517578 0.142578 0.302734 
3 0.744189 0.73877 0.463379 0.078125 0.168945 
3 0.739273 0.697266 0.447266 0.0751953 0.134766 
3 0.727993 0.237061 0.440918 0.135254 0.188477 
3 0.682382 0.391113 0.427734 0.0683594 0.0878906 
3 0.681989 0.664062 0.428711 0.0410156 0.103516 
3 0.655803 0.647217 0.420898 0.0336914 0.0683594 
3 0.623785 0.459717 0.416016 0.0405273 0.0644531 
3 0.61618 0.430664 0.420898 0.0458984 0.0742188 
3 0.556636 0.11792 0.470703 0.152832 0.226562 
3 0.540266 0.446289 0.421387 0.0380859 0.0673828 
3 0.489268 0.945068 0.640137 0.109863 0.463867 
3 0.406926 0.418457 0.419922 0.0537109 0.0839844 
3 0.394277 0.53833 0.403809 0.0180664 0.0380859 
4 0.365173 0.634277 0.413574 0.0332031 0.0634766 
3 0.357535 0.490234 0.408691 0.0517578 0.0498047 
3 0.353908 0.675049 0.430664 0.0571289 0.119141 
0 0.343891 0.0400391 0.349121 0.0166016 0.0478516 
6 0.340054 0.580078 0.36084 0.0644531 0.161133 
0 0.324555 0.711914 0.0541992 0.0273438 0.0986328 
3 0.321651 0.632568 0.401367 0.034668 0.0527344 
3 0.294601 0.506592 0.402344 0.0249023 0.0332031 
0 0.275827 0.352051 0.389648 0.0146484 0.03125 
0 0.264418 0.210693 0.447266 0.0493164 0.210938 
3 0.263765 0.475586 0.411133 0.0439453 0.0527344 
