3 0.770185 0.809326 0.385254 0.0327148 0.0634766 
3 0.723711 0.850098 0.393555 0.0332031 0.046875 
3 0.689404 0.477783 0.433594 0.034668 0.0429688 
3 0.485067 0.986084 0.393555 0.0288086 0.0722656 
3 0.456359 0.774902 0.379395 0.0195312 0.0263672 
3 0.442562 0.413818 0.429199 0.0512695 0.0458984 
3 0.422645 0.666748 0.391113 0.0297852 0.0458984 
0 0.346704 0.702881 0.406738 0.034668 0.129883 
3 0.346118 0.789062 0.384277 0.0166016 0.0361328 
3 0.266694 0.521484 0.42627 0.0292969 0.0361328 
3 0.770185 0.809326 0.385254 0.0327148 0.0634766 
3 0.723711 0.850098 0.393555 0.0332031 0.046875 
3 0.689404 0.477783 0.433594 0.034668 0.0429688 
3 0.485067 0.986084 0.393555 0.0288086 0.0722656 
3 0.456359 0.774902 0.379395 0.0195312 0.0263672 
3 0.442562 0.413818 0.429199 0.0512695 0.0458984 
3 0.422645 0.666748 0.391113 0.0297852 0.0458984 
0 0.346704 0.702881 0.406738 0.034668 0.129883 
3 0.346118 0.789062 0.384277 0.0166016 0.0361328 
3 0.266694 0.521484 0.42627 0.0292969 0.0361328 
3 0.770185 0.809326 0.385254 0.0327148 0.0634766 
3 0.723711 0.850098 0.393555 0.0332031 0.046875 
3 0.689404 0.477783 0.433594 0.034668 0.0429688 
3 0.485067 0.986084 0.393555 0.0288086 0.0722656 
3 0.456359 0.774902 0.379395 0.0195312 0.0263672 
3 0.442562 0.413818 0.429199 0.0512695 0.0458984 
3 0.422645 0.666748 0.391113 0.0297852 0.0458984 
0 0.346704 0.702881 0.406738 0.034668 0.129883 
3 0.346118 0.789062 0.384277 0.0166016 0.0361328 
3 0.266694 0.521484 0.42627 0.0292969 0.0361328 
