0 0.891054 0.444092 0.414062 0.0366211 0.166016 
0 0.764719 0.7854 0.394043 0.0317383 0.155273 
0 0.760154 0.929199 0.42334 0.0585938 0.307617 
6 0.716074 0.108643 0.363281 0.106934 0.240234 
3 0.622664 0.0090332 0.449219 0.019043 0.078125 
0 0.620698 0.952148 0.416992 0.0712891 0.341797 
3 0.604815 0.0395508 0.433594 0.0566406 0.0859375 
10 0.561973 0.304199 0.452148 0.102539 0.0996094 
0 0.539624 0.162842 0.432129 0.0200195 0.108398 
0 0.52886 0.976318 0.409668 0.0454102 0.395508 
8 0.441599 0.329346 0.451172 0.0737305 0.103516 
