3 0.676359 0.59668 0.426758 0.0498047 0.0742188 
3 0.670494 0.746338 0.44873 0.184082 0.15332 
0 0.666123 0.478271 0.445801 0.0219727 0.0986328 
0 0.634728 0.46167 0.444824 0.0170898 0.0908203 
0 0.599517 0.487549 0.444336 0.0180664 0.103516 
6 0.553225 0.0534668 0.387207 0.0922852 0.256836 
0 0.468766 0.415527 0.427734 0.0214844 0.0957031 
1 0.393647 0.664551 0.414062 0.0205078 0.0488281 
3 0.357573 0.529541 0.432129 0.0327148 0.0634766 
0 0.32266 0.930908 0.429199 0.0219727 0.112305 
0 0.262866 0.427246 0.430664 0.0195312 0.101562 
1 0.25035 0.664795 0.413574 0.0307617 0.0615234 
