0 0.78666 0.132324 0.408203 0.0322266 0.15625 
10 0.583984 0.916016 0.557617 0.169922 0.351562 
0 0.577407 0.0866699 0.410156 0.0454102 0.171875 
8 0.50389 0.64209 0.463867 0.0888672 0.146484 
0 0.385516 0.35498 0.401855 0.0166016 0.0712891 
8 0.381244 0.257812 0.42334 0.0820312 0.139648 
0 0.365898 0.0974121 0.399414 0.0395508 0.181641 
0 0.348152 0.366699 0.399414 0.0175781 0.078125 
0 0.314939 0.489014 0.414062 0.0170898 0.0703125 
8 0.292575 0.672119 0.477051 0.0942383 0.15918 
0 0.264368 0.160889 0.400879 0.0180664 0.0771484 
