0 0.856326 0.392822 0.393555 0.059082 0.267578 
3 0.806636 0.226807 0.35791 0.0541992 0.106445 
0 0.726947 0.805664 0.359375 0.046875 0.234375 
0 0.673014 0.599854 0.350586 0.0229492 0.121094 
0 0.669858 0.835449 0.368164 0.0361328 0.140625 
8 0.64338 0.541748 0.398438 0.0942383 0.128906 
0 0.624776 0.960693 0.379883 0.0424805 0.226562 
0 0.615046 0.414307 0.38623 0.0405273 0.186523 
3 0.579882 0.162842 0.383789 0.135254 0.234375 
0 0.488863 0.586914 0.351074 0.0244141 0.135742 
8 0.483791 0.523682 0.385254 0.0727539 0.12207 
10 0.387885 0.477051 0.391602 0.0595703 0.0917969 
10 0.36778 0.462402 0.388672 0.0576172 0.09375 
0 0.366825 0.831055 0.369141 0.0410156 0.205078 
2 0.355687 0.523926 0.365234 0.046875 0.132812 
0 0.270575 0.979004 0.386719 0.0351562 0.205078 
