3 0.880959 0.39624 0.421875 0.0620117 0.0996094 
3 0.836893 0.919434 0.442383 0.161133 0.224609 
3 0.798252 0.431885 0.401855 0.0375977 0.0634766 
3 0.711531 0.817871 0.429688 0.105469 0.144531 
3 0.584254 0.498779 0.392578 0.0317383 0.0507812 
3 0.58197 0.72168 0.414551 0.0683594 0.0947266 
3 0.56917 0.678711 0.410645 0.0488281 0.0830078 
3 0.548282 0.602051 0.39502 0.0273438 0.0419922 
3 0.523825 0.314209 0.436035 0.13623 0.208008 
3 0.475282 0.571289 0.408691 0.0498047 0.0693359 
0 0.443832 0.0227051 0.42041 0.0268555 0.149414 
3 0.41287 0.668701 0.412598 0.034668 0.0673828 
0 0.355467 0.794189 0.380371 0.0219727 0.0712891 
3 0.277813 0.442139 0.397461 0.027832 0.0527344 
3 0.267115 0.616455 0.394531 0.0336914 0.0449219 
