3 0.891338 0.804199 0.411133 0.123047 0.132812 
8 0.644565 0.736572 0.421387 0.0522461 0.0888672 
2 0.641356 0.433105 0.429199 0.0400391 0.0966797 
8 0.621497 0.441895 0.446777 0.0771484 0.0869141 
2 0.47864 0.744385 0.394531 0.043457 0.0859375 
2 0.410646 0.441406 0.428711 0.0458984 0.111328 
0 0.303072 0.930908 0.395508 0.0209961 0.0703125 
2 0.300189 0.945312 0.398926 0.0273438 0.0634766 
3 0.281212 0.475586 0.399414 0.0244141 0.0292969 
8 0.277584 0.945312 0.398926 0.0273438 0.0634766 
9 0.276539 0.319092 0.425293 0.0268555 0.0439453 
3 0.267288 0.0197754 0.433105 0.034668 0.0439453 
8 0.250216 0.443604 0.451172 0.0522461 0.0683594 
