3 0.921856 0.411377 0.421387 0.101074 0.137695 
3 0.872228 0.106445 0.603027 0.209961 0.567383 
3 0.761228 0.636719 0.406738 0.0458984 0.102539 
2 0.741283 0.26001 0.473633 0.065918 0.271484 
3 0.640181 0.603516 0.398926 0.0302734 0.0654297 
3 0.6066 0.473145 0.408691 0.0380859 0.0556641 
3 0.589407 0.612061 0.400391 0.0375977 0.078125 
3 0.575937 0.584717 0.394531 0.0200195 0.0429688 
3 0.512811 0.925293 0.485352 0.148438 0.382812 
0 0.342653 0.362549 0.393066 0.0141602 0.0595703 
8 0.340011 0.262451 0.521484 0.0610352 0.167969 
3 0.330238 0.447998 0.41748 0.0288086 0.0927734 
2 0.30713 0.242188 0.461426 0.0712891 0.250977 
3 0.254579 0.871338 0.45459 0.0649414 0.118164 
