3 0.866097 0.235596 0.404785 0.074707 0.0673828 
3 0.760451 0.0817871 0.427246 0.0991211 0.0908203 
0 0.694521 0.275635 0.391602 0.0141602 0.0644531 
3 0.653043 0.525391 0.39209 0.0292969 0.0361328 
3 0.53067 0.59082 0.443848 0.0908203 0.118164 
9 0.48871 0.944824 0.530273 0.117188 0.242188 
3 0.482606 0.742188 0.402344 0.046875 0.0722656 
10 0.44812 0.166504 0.416016 0.0605469 0.0546875 
0 0.440235 0.338867 0.388672 0.015625 0.0585938 
0 0.436919 0.275146 0.393555 0.019043 0.0859375 
0 0.412185 0.315674 0.388672 0.0180664 0.0625 
10 0.39336 0.178711 0.418945 0.0585938 0.0585938 
0 0.306894 0.196045 0.400391 0.0131836 0.0566406 
0 0.289269 0.989258 0.391113 0.0195312 0.155273 
3 0.281562 0.647705 0.368652 0.0600586 0.0849609 
3 0.27602 0.166504 0.416016 0.0605469 0.0546875 
0 0.274447 0.463135 0.370605 0.0161133 0.0615234 
9 0.267977 0.193848 0.418457 0.0224609 0.0458984 
0 0.267323 0.305176 0.391113 0.0234375 0.0732422 
