3 0.84931 0.554688 0.365234 0.0625 0.078125 
3 0.618116 0.712891 0.341309 0.0263672 0.0380859 
9 0.574845 0.921875 0.480957 0.09375 0.168945 
3 0.57089 0.742432 0.34082 0.0288086 0.0273438 
3 0.555262 0.695068 0.347656 0.0385742 0.0449219 
3 0.524746 0.630127 0.350098 0.0385742 0.0439453 
3 0.485058 0.680176 0.352539 0.0322266 0.0507812 
0 0.373408 0.945068 0.38916 0.0209961 0.0673828 
3 0.351132 0.647461 0.350586 0.0283203 0.0410156 
3 0.349837 0.622559 0.348633 0.0283203 0.0429688 
9 0.335965 0.805908 0.446777 0.065918 0.149414 
9 0.333738 0.976807 0.477539 0.0541992 0.160156 
3 0.330959 0.725586 0.339844 0.0224609 0.0273438 
0 0.326414 0.990479 0.390625 0.0200195 0.117188 
2 0.280601 0.670654 0.38916 0.0209961 0.133789 
9 0.26124 0.943115 0.47998 0.0708008 0.166992 
