0 0.795327 0.6604 0.394531 0.0375977 0.195312 
0 0.780549 0.765625 0.403809 0.0488281 0.245117 
0 0.758645 0.536865 0.39209 0.0209961 0.0830078 
0 0.737195 0.61377 0.410156 0.0341797 0.150391 
0 0.71687 0.711182 0.395996 0.0297852 0.155273 
0 0.655794 0.926758 0.36377 0.0302734 0.104492 
0 0.631604 0.916748 0.359863 0.0317383 0.0986328 
0 0.616696 0.693604 0.395508 0.0307617 0.167969 
0 0.604016 0.807373 0.393066 0.0327148 0.114258 
0 0.602221 0.849854 0.40332 0.0336914 0.140625 
0 0.593948 0.946533 0.365234 0.0297852 0.105469 
0 0.58397 0.523682 0.393555 0.0209961 0.09375 
0 0.577404 0.978027 0.359863 0.0361328 0.110352 
0 0.502311 0.495605 0.400391 0.0244141 0.119141 
0 0.498012 0.725098 0.393066 0.0253906 0.155273 
0 0.493589 0.475098 0.396973 0.0195312 0.106445 
0 0.470469 0.507568 0.397461 0.0258789 0.113281 
0 0.404594 0.681396 0.393555 0.027832 0.158203 
0 0.377925 0.869629 0.391602 0.03125 0.126953 
0 0.324498 0.585938 0.39502 0.0214844 0.0830078 
0 0.324006 0.953369 0.363281 0.0415039 0.119141 
0 0.282077 0.925781 0.407715 0.0390625 0.15332 
0 0.26146 0.840576 0.39502 0.0375977 0.125977 
