3 0.901578 0.617432 0.411621 0.0708008 0.12207 
3 0.837701 0.819824 0.416992 0.143555 0.160156 
3 0.809532 0.908691 0.43457 0.165039 0.195312 
3 0.587768 0.975342 0.464355 0.050293 0.200195 
0 0.581231 0.534912 0.419434 0.0180664 0.0791016 
0 0.555356 0.692871 0.398926 0.0175781 0.0771484 
0 0.543245 0.386719 0.413574 0.0195312 0.0732422 
0 0.519226 0.00756836 0.422363 0.0170898 0.0986328 
0 0.518242 0.413574 0.412598 0.015625 0.0615234 
0 0.484015 0.355469 0.402344 0.0166016 0.0683594 
3 0.403244 0.463135 0.398438 0.0268555 0.0273438 
0 0.352788 0.334717 0.401855 0.019043 0.0751953 
0 0.341557 0.112061 0.42041 0.019043 0.0712891 
3 0.321556 0.472168 0.398438 0.03125 0.0214844 
0 0.316792 0.0537109 0.418945 0.0136719 0.0644531 
0 0.30756 0.0266113 0.422363 0.0258789 0.0966797 
0 0.302633 0.710449 0.397949 0.0185547 0.0751953 
2 0.28471 0.331299 0.413574 0.0307617 0.0810547 
0 0.280303 0.679932 0.396973 0.019043 0.0693359 
3 0.901578 0.617432 0.411621 0.0708008 0.12207 
3 0.837701 0.819824 0.416992 0.143555 0.160156 
3 0.809532 0.908691 0.43457 0.165039 0.195312 
3 0.587768 0.975342 0.464355 0.050293 0.200195 
0 0.581231 0.534912 0.419434 0.0180664 0.0791016 
0 0.555356 0.692871 0.398926 0.0175781 0.0771484 
0 0.543245 0.386719 0.413574 0.0195312 0.0732422 
0 0.519226 0.00756836 0.422363 0.0170898 0.0986328 
0 0.518242 0.413574 0.412598 0.015625 0.0615234 
0 0.484015 0.355469 0.402344 0.0166016 0.0683594 
3 0.403244 0.463135 0.398438 0.0268555 0.0273438 
0 0.352788 0.334717 0.401855 0.019043 0.0751953 
0 0.341557 0.112061 0.42041 0.019043 0.0712891 
3 0.321556 0.472168 0.398438 0.03125 0.0214844 
0 0.316792 0.0537109 0.418945 0.0136719 0.0644531 
0 0.30756 0.0266113 0.422363 0.0258789 0.0966797 
0 0.302633 0.710449 0.397949 0.0185547 0.0751953 
2 0.28471 0.331299 0.413574 0.0307617 0.0810547 
0 0.280303 0.679932 0.396973 0.019043 0.0693359 
