0 0.897916 0.510986 0.462891 0.0883789 0.470703 
0 0.894031 0.577637 0.458496 0.0732422 0.336914 
3 0.886896 0.41748 0.421875 0.12793 0.132812 
3 0.837319 0.638428 0.39209 0.0375977 0.0517578 
0 0.795101 0.783203 0.446777 0.128906 0.65332 
0 0.679441 0.914551 0.477051 0.139648 0.561523 
0 0.647608 0.117188 0.416016 0.0185547 0.0898438 
0 0.584696 0.100098 0.417969 0.0214844 0.0859375 
0 0.562419 0.949951 0.457031 0.101074 0.578125 
3 0.47478 0.606445 0.413086 0.0585938 0.0878906 
0 0.440226 0.090332 0.42627 0.0205078 0.0810547 
0 0.375618 0.0600586 0.421875 0.0185547 0.0957031 
3 0.279465 0.722656 0.415527 0.0537109 0.0810547 
0 0.278714 0.0656738 0.421387 0.0219727 0.0810547 
