3 0.879129 0.45752 0.419434 0.0537109 0.0947266 
3 0.769614 0.398682 0.441406 0.103027 0.169922 
3 0.701372 0.591064 0.40332 0.065918 0.105469 
8 0.519237 0.0966797 0.449707 0.0419922 0.0947266 
0 0.476131 0.194824 0.409668 0.0214844 0.0732422 
2 0.463092 0.0910645 0.42627 0.0356445 0.104492 
0 0.450379 0.149414 0.400879 0.0214844 0.0732422 
0 0.423578 0.31543 0.391113 0.0214844 0.0810547 
3 0.360581 0.00976562 0.431152 0.0205078 0.0400391 
2 0.298107 0.0976562 0.42627 0.0419922 0.125977 
3 0.284074 0.354248 0.36084 0.102051 0.108398 
0 0.273702 0.617676 0.0195312 0.0205078 0.0371094 
0 0.270636 0.633301 0.0229492 0.0244141 0.0419922 
3 0.879129 0.45752 0.419434 0.0537109 0.0947266 
3 0.769614 0.398682 0.441406 0.103027 0.169922 
3 0.701372 0.591064 0.40332 0.065918 0.105469 
8 0.519237 0.0966797 0.449707 0.0419922 0.0947266 
0 0.476131 0.194824 0.409668 0.0214844 0.0732422 
2 0.463092 0.0910645 0.42627 0.0356445 0.104492 
0 0.450379 0.149414 0.400879 0.0214844 0.0732422 
0 0.423578 0.31543 0.391113 0.0214844 0.0810547 
3 0.360581 0.00976562 0.431152 0.0205078 0.0400391 
2 0.298107 0.0976562 0.42627 0.0419922 0.125977 
3 0.284074 0.354248 0.36084 0.102051 0.108398 
0 0.273702 0.617676 0.0195312 0.0205078 0.0371094 
0 0.270636 0.633301 0.0229492 0.0244141 0.0419922 
3 0.879129 0.45752 0.419434 0.0537109 0.0947266 
3 0.769614 0.398682 0.441406 0.103027 0.169922 
3 0.701372 0.591064 0.40332 0.065918 0.105469 
8 0.519237 0.0966797 0.449707 0.0419922 0.0947266 
0 0.476131 0.194824 0.409668 0.0214844 0.0732422 
2 0.463092 0.0910645 0.42627 0.0356445 0.104492 
0 0.450379 0.149414 0.400879 0.0214844 0.0732422 
0 0.423578 0.31543 0.391113 0.0214844 0.0810547 
3 0.360581 0.00976562 0.431152 0.0205078 0.0400391 
2 0.298107 0.0976562 0.42627 0.0419922 0.125977 
3 0.284074 0.354248 0.36084 0.102051 0.108398 
0 0.273702 0.617676 0.0195312 0.0205078 0.0371094 
0 0.270636 0.633301 0.0229492 0.0244141 0.0419922 
