3 0.918669 0.895508 0.584473 0.188477 0.545898 
3 0.789035 0.177734 0.430664 0.0419922 0.0625 
0 0.778545 0.63208 0.461914 0.0688477 0.306641 
0 0.74139 0.721436 0.447266 0.0493164 0.238281 
3 0.718989 0.113525 0.450684 0.0454102 0.0634766 
0 0.709586 0.354248 0.468262 0.120605 0.379883 
0 0.678435 0.81958 0.42041 0.0561523 0.209961 
0 0.668693 0.225098 0.424805 0.0117188 0.0566406 
3 0.594212 0.034668 0.453613 0.0517578 0.0791016 
0 0.543081 0.0830078 0.528809 0.0703125 0.395508 
3 0.501158 0.0246582 0.453613 0.043457 0.0693359 
0 0.455701 0.858643 0.401855 0.0444336 0.163086 
0 0.434113 0.336182 0.469238 0.0795898 0.34082 
0 0.332248 0.620361 0.454102 0.0668945 0.25 
3 0.300413 0.107666 0.450684 0.074707 0.155273 
0 0.267142 0.864746 0.393555 0.03125 0.117188 
3 0.257645 0.159912 0.441406 0.0405273 0.0585938 
