3 0.769024 0.644043 0.414062 0.0576172 0.117188 
3 0.755411 0.878906 0.530762 0.242188 0.295898 
3 0.749018 0.675049 0.426758 0.0825195 0.138672 
3 0.654335 0.75293 0.46875 0.143555 0.1875 
0 0.605936 0.388672 0.391602 0.0214844 0.0898438 
3 0.599876 0.692383 0.446289 0.078125 0.138672 
3 0.549927 0.446533 0.383789 0.0512695 0.0644531 
3 0.524329 0.954102 0.610352 0.0888672 0.365234 
0 0.383364 0.601562 0.385254 0.0146484 0.0556641 
3 0.345182 0.633789 0.419922 0.0429688 0.0957031 
3 0.288085 0.445801 0.370605 0.0410156 0.0419922 
