3 0.920918 0.327637 0.447266 0.0791016 0.107422 
3 0.890492 0.668457 0.453125 0.0830078 0.144531 
3 0.875299 0.820557 0.455566 0.268066 0.364258 
3 0.788577 0.928467 0.51416 0.13623 0.489258 
3 0.72032 0.399658 0.414551 0.0219727 0.0322266 
3 0.612973 0.57666 0.428711 0.0761719 0.078125 
0 0.593309 0.141357 0.519043 0.0991211 0.290039 
0 0.551341 0.0527344 0.391113 0.0224609 0.0791016 
0 0.541952 0.0412598 0.39502 0.0200195 0.0888672 
3 0.467149 0.20874 0.467285 0.193848 0.233398 
3 0.455851 0.609375 0.432617 0.0683594 0.0761719 
3 0.433381 0.553467 0.426758 0.0493164 0.0664062 
3 0.432067 0.367188 0.428223 0.0341797 0.0791016 
3 0.416143 0.10376 0.526855 0.214355 0.28418 
3 0.349035 0.412842 0.412109 0.0239258 0.03125 
0 0.347572 0.446777 0.416016 0.0166016 0.0644531 
3 0.339607 0.429688 0.411621 0.0185547 0.0361328 
3 0.333771 0.650391 0.444824 0.0742188 0.110352 
0 0.316291 0.012207 0.396973 0.0224609 0.112305 
0 0.31466 0.0197754 0.415039 0.0297852 0.121094 
0 0.297271 0.630615 0.385254 0.0200195 0.0517578 
0 0.293644 0.458496 0.418457 0.0136719 0.0458984 
3 0.290247 0.413818 0.402344 0.0297852 0.0429688 
3 0.271231 0.144043 0.492676 0.147461 0.280273 
3 0.260977 0.541992 0.420898 0.0244141 0.046875 
3 0.257664 0.358398 0.432617 0.0478516 0.0742188 
