3 0.847318 0.666016 0.405273 0.0673828 0.0917969 
9 0.612438 0.258301 0.46582 0.0742188 0.121094 
3 0.596663 0.577637 0.413574 0.0820312 0.0791016 
9 0.425615 0.542969 0.451172 0.0263672 0.0722656 
2 0.388566 0.540771 0.421387 0.0249023 0.0810547 
0 0.380117 0.335449 0.391602 0.0205078 0.0800781 
3 0.379824 0.19458 0.418457 0.0610352 0.0576172 
9 0.359255 0.335205 0.47998 0.043457 0.125977 
9 0.350382 0.351318 0.479004 0.0581055 0.157227 
9 0.345893 0.551758 0.447754 0.0283203 0.0712891 
3 0.345127 0.208984 0.418457 0.0654297 0.0654297 
0 0.330186 0.320801 0.416504 0.0214844 0.112305 
8 0.317793 0.0808105 0.648438 0.191895 0.361328 
3 0.308921 0.460449 0.411133 0.0859375 0.0683594 
3 0.294665 0.473633 0.413086 0.0488281 0.0664062 
3 0.2846 0.273438 0.415527 0.0449219 0.0673828 
9 0.265239 0.366211 0.479004 0.0605469 0.168945 
