0 0.879063 0.173584 0.478027 0.0864258 0.467773 
3 0.845802 0.587158 0.424805 0.189941 0.185547 
0 0.789441 0.734375 0.477539 0.129883 0.412109 
3 0.674941 0.381104 0.424805 0.17627 0.109375 
3 0.507244 0.0544434 0.430664 0.105957 0.115234 
0 0.452017 0.118652 0.483887 0.106445 0.405273 
0 0.353386 0.705566 0.477539 0.116211 0.388672 
0 0.879063 0.173584 0.478027 0.0864258 0.467773 
3 0.845802 0.587158 0.424805 0.189941 0.185547 
0 0.789441 0.734375 0.477539 0.129883 0.412109 
3 0.674941 0.381104 0.424805 0.17627 0.109375 
3 0.507244 0.0544434 0.430664 0.105957 0.115234 
0 0.452017 0.118652 0.483887 0.106445 0.405273 
0 0.353386 0.705566 0.477539 0.116211 0.388672 
