0 0.941719 0.602539 0.474121 0.0712891 0.321289 
0 0.921028 0.445801 0.464355 0.0634766 0.352539 
0 0.908183 0.14209 0.450195 0.0751953 0.287109 
0 0.900151 0.708496 0.452148 0.0654297 0.386719 
0 0.86187 0.23291 0.450195 0.0664062 0.277344 
0 0.679422 0.399902 0.414551 0.0166016 0.0595703 
0 0.611355 0.28833 0.447754 0.0883789 0.321289 
0 0.568914 0.317871 0.460938 0.0732422 0.324219 
0 0.428621 0.268066 0.447754 0.0605469 0.291992 
1 0.279777 0.399902 0.414062 0.0195312 0.0585938 
0 0.269133 0.333008 0.399414 0.0234375 0.0703125 
0 0.264626 0.400635 0.414062 0.0268555 0.0644531 
