3 0.941039 0.268066 0.428711 0.0732422 0.115234 
3 0.902375 0.142822 0.45166 0.127441 0.155273 
3 0.802742 0.305664 0.423828 0.0322266 0.0859375 
3 0.779152 0.547852 0.48877 0.213867 0.331055 
3 0.760624 0.320312 0.41748 0.0322266 0.0595703 
5 0.759079 0.39502 0.368164 0.0751953 0.113281 
9 0.719191 0.820312 0.443848 0.0966797 0.12207 
3 0.649366 0.753906 0.393555 0.116211 0.0761719 
3 0.625024 0.634521 0.39502 0.0297852 0.0576172 
3 0.300297 0.331055 0.414551 0.0224609 0.0498047 
3 0.250987 0.675293 0.387695 0.0585938 0.0429688 
3 0.941039 0.268066 0.428711 0.0732422 0.115234 
3 0.902375 0.142822 0.45166 0.127441 0.155273 
3 0.802742 0.305664 0.423828 0.0322266 0.0859375 
3 0.779152 0.547852 0.48877 0.213867 0.331055 
3 0.760624 0.320312 0.41748 0.0322266 0.0595703 
5 0.759079 0.39502 0.368164 0.0751953 0.113281 
9 0.719191 0.820312 0.443848 0.0966797 0.12207 
3 0.649366 0.753906 0.393555 0.116211 0.0761719 
3 0.625024 0.634521 0.39502 0.0297852 0.0576172 
3 0.300297 0.331055 0.414551 0.0224609 0.0498047 
3 0.250987 0.675293 0.387695 0.0585938 0.0429688 
3 0.941039 0.268066 0.428711 0.0732422 0.115234 
3 0.902375 0.142822 0.45166 0.127441 0.155273 
3 0.802742 0.305664 0.423828 0.0322266 0.0859375 
3 0.779152 0.547852 0.48877 0.213867 0.331055 
3 0.760624 0.320312 0.41748 0.0322266 0.0595703 
5 0.759079 0.39502 0.368164 0.0751953 0.113281 
9 0.719191 0.820312 0.443848 0.0966797 0.12207 
3 0.649366 0.753906 0.393555 0.116211 0.0761719 
3 0.625024 0.634521 0.39502 0.0297852 0.0576172 
3 0.300297 0.331055 0.414551 0.0224609 0.0498047 
3 0.250987 0.675293 0.387695 0.0585938 0.0429688 
