3 0.860655 0.822021 0.461426 0.271973 0.25293 
3 0.852426 0.652832 0.411621 0.0742188 0.108398 
3 0.829466 0.211426 0.465332 0.0957031 0.12793 
3 0.650885 0.0708008 0.512207 0.138672 0.194336 
3 0.633624 0.5896 0.395996 0.034668 0.0419922 
3 0.618246 0.315186 0.450684 0.112793 0.18457 
3 0.613913 0.537354 0.399902 0.0297852 0.0361328 
3 0.607767 0.38208 0.426758 0.0600586 0.0761719 
3 0.586812 0.400391 0.418945 0.0546875 0.0722656 
3 0.513771 0.413818 0.414062 0.0454102 0.0644531 
3 0.509133 0.113037 0.479004 0.17627 0.178711 
0 0.495891 0.568359 0.39502 0.0136719 0.0537109 
3 0.477593 0.599609 0.395996 0.0410156 0.0498047 
3 0.46475 0.616211 0.395508 0.03125 0.0566406 
3 0.417363 0.319092 0.42334 0.090332 0.120117 
3 0.346089 0.509277 0.393066 0.0234375 0.0283203 
3 0.322712 0.428223 0.412598 0.0351562 0.0556641 
3 0.313358 0.477783 0.397949 0.0200195 0.0341797 
3 0.291205 0.459229 0.401367 0.0258789 0.046875 
3 0.25391 0.446045 0.402832 0.0268555 0.0576172 
