9 0.686292 0.333984 0.444336 0.0527344 0.0683594 
2 0.641944 0.331055 0.419434 0.0332031 0.0888672 
8 0.602453 0.0407715 0.431641 0.0717773 0.115234 
0 0.539048 0.145264 0.433105 0.0493164 0.151367 
0 0.512411 0.200684 0.432129 0.0449219 0.149414 
0 0.461365 0.573242 0.412598 0.0273438 0.110352 
0 0.419021 0.58374 0.41748 0.0424805 0.135742 
0 0.413578 0.0102539 0.424805 0.0175781 0.109375 
0 0.391365 0.162109 0.446289 0.0380859 0.150391 
0 0.390381 0.161865 0.42627 0.0297852 0.12793 
3 0.385259 0.696045 0.395996 0.0258789 0.0439453 
2 0.351236 0.496338 0.418945 0.0258789 0.0898438 
8 0.345442 0.0534668 0.421875 0.0522461 0.109375 
0 0.331296 0.572754 0.412598 0.0205078 0.0810547 
0 0.327701 0.94458 0.384766 0.0200195 0.078125 
0 0.297549 0.992432 0.387207 0.0151367 0.0634766 
2 0.297221 0.805176 0.395508 0.0214844 0.0703125 
0 0.29687 0.5979 0.413086 0.0239258 0.107422 
0 0.295777 0.372803 0.413574 0.0209961 0.0908203 
0 0.268795 0.226074 0.402832 0.0175781 0.0634766 
0 0.261435 0.680908 0.398926 0.0200195 0.0498047 
0 0.250767 0.12085 0.422852 0.0200195 0.0839844 
