3 0.903706 0.649658 0.426758 0.0854492 0.109375 
3 0.900872 0.329834 0.456543 0.0922852 0.168945 
3 0.882596 0.218994 0.48584 0.19873 0.266602 
3 0.835977 0.854736 0.488281 0.234863 0.310547 
3 0.681583 0.416504 0.430664 0.0449219 0.09375 
3 0.648232 0.386963 0.432129 0.0698242 0.114258 
3 0.63298 0.568604 0.40918 0.0385742 0.0644531 
3 0.608719 0.475586 0.403809 0.0253906 0.0341797 
3 0.608067 0.426758 0.42627 0.0322266 0.0771484 
3 0.543704 0.951904 0.484863 0.11377 0.526367 
9 0.532071 0.598145 0.449219 0.0292969 0.0878906 
3 0.481868 0.508545 0.402344 0.0229492 0.03125 
2 0.451509 0.597656 0.423828 0.0410156 0.0996094 
3 0.380044 0.540771 0.408203 0.0200195 0.0429688 
3 0.356826 0.521973 0.40332 0.0234375 0.0332031 
3 0.279753 0.775879 0.411133 0.0234375 0.0488281 
3 0.269544 0.49292 0.400879 0.0200195 0.0283203 
3 0.265159 0.61499 0.419922 0.0463867 0.0839844 
3 0.262136 0.553711 0.40918 0.0263672 0.0546875 
3 0.903706 0.649658 0.426758 0.0854492 0.109375 
3 0.900872 0.329834 0.456543 0.0922852 0.168945 
3 0.882596 0.218994 0.48584 0.19873 0.266602 
3 0.835977 0.854736 0.488281 0.234863 0.310547 
3 0.681583 0.416504 0.430664 0.0449219 0.09375 
3 0.648232 0.386963 0.432129 0.0698242 0.114258 
3 0.63298 0.568604 0.40918 0.0385742 0.0644531 
3 0.608719 0.475586 0.403809 0.0253906 0.0341797 
3 0.608067 0.426758 0.42627 0.0322266 0.0771484 
3 0.543704 0.951904 0.484863 0.11377 0.526367 
9 0.532071 0.598145 0.449219 0.0292969 0.0878906 
3 0.481868 0.508545 0.402344 0.0229492 0.03125 
2 0.451509 0.597656 0.423828 0.0410156 0.0996094 
3 0.380044 0.540771 0.408203 0.0200195 0.0429688 
3 0.356826 0.521973 0.40332 0.0234375 0.0332031 
3 0.279753 0.775879 0.411133 0.0234375 0.0488281 
3 0.269544 0.49292 0.400879 0.0200195 0.0283203 
3 0.265159 0.61499 0.419922 0.0463867 0.0839844 
3 0.262136 0.553711 0.40918 0.0263672 0.0546875 
3 0.903706 0.649658 0.426758 0.0854492 0.109375 
3 0.900872 0.329834 0.456543 0.0922852 0.168945 
3 0.882596 0.218994 0.48584 0.19873 0.266602 
3 0.835977 0.854736 0.488281 0.234863 0.310547 
3 0.681583 0.416504 0.430664 0.0449219 0.09375 
3 0.648232 0.386963 0.432129 0.0698242 0.114258 
3 0.63298 0.568604 0.40918 0.0385742 0.0644531 
3 0.608719 0.475586 0.403809 0.0253906 0.0341797 
3 0.608067 0.426758 0.42627 0.0322266 0.0771484 
3 0.543704 0.951904 0.484863 0.11377 0.526367 
9 0.532071 0.598145 0.449219 0.0292969 0.0878906 
3 0.481868 0.508545 0.402344 0.0229492 0.03125 
2 0.451509 0.597656 0.423828 0.0410156 0.0996094 
3 0.380044 0.540771 0.408203 0.0200195 0.0429688 
3 0.356826 0.521973 0.40332 0.0234375 0.0332031 
3 0.279753 0.775879 0.411133 0.0234375 0.0488281 
3 0.269544 0.49292 0.400879 0.0200195 0.0283203 
3 0.265159 0.61499 0.419922 0.0463867 0.0839844 
3 0.262136 0.553711 0.40918 0.0263672 0.0546875 
