3 0.886225 0.929932 0.34375 0.140137 0.207031 
0 0.879223 0.418945 0.391602 0.0166016 0.0566406 
3 0.847101 0.598389 0.380371 0.0297852 0.0458984 
0 0.561931 0.776855 0.384277 0.0224609 0.112305 
0 0.539594 0.841309 0.383789 0.0302734 0.162109 
0 0.525621 0.868164 0.382324 0.0244141 0.125977 
0 0.390689 0.69751 0.383789 0.0170898 0.0859375 
0 0.330453 0.710205 0.386719 0.0200195 0.0761719 
0 0.316916 0.755127 0.388672 0.0219727 0.105469 
10 0.287168 0.45459 0.400391 0.0761719 0.0625 
0 0.268697 0.677002 0.384277 0.0161133 0.0615234 
