3 0.737812 0.332275 0.432617 0.0708008 0.0859375 
3 0.641472 0.301758 0.419922 0.046875 0.0703125 
3 0.63734 0.388428 0.412109 0.059082 0.0722656 
3 0.550209 0.427734 0.402344 0.0234375 0.0390625 
0 0.485325 0.683105 0.399414 0.0273438 0.130859 
3 0.478095 0.364258 0.418457 0.0263672 0.0673828 
3 0.45514 0.447754 0.410156 0.0224609 0.0351562 
3 0.393059 0.417236 0.413574 0.0209961 0.0439453 
3 0.354446 0.458984 0.409668 0.0205078 0.0302734 
3 0.331245 0.447021 0.40332 0.027832 0.0371094 
0 0.319995 0.246338 0.430664 0.0161133 0.0683594 
9 0.316151 0.965576 0.421875 0.0366211 0.0917969 
