3 0.9701 0.568359 0.394043 0.0253906 0.0498047 
2 0.795479 0.731201 0.416016 0.0551758 0.267578 
3 0.363984 0.601562 0.386719 0.0234375 0.03125 
9 0.332773 0.736572 0.481445 0.0366211 0.154297 
0 0.293206 0.257568 0.398926 0.0131836 0.0517578 
9 0.265272 0.413086 0.383789 0.0234375 0.0410156 
3 0.9701 0.568359 0.394043 0.0253906 0.0498047 
2 0.795479 0.731201 0.416016 0.0551758 0.267578 
3 0.363984 0.601562 0.386719 0.0234375 0.03125 
9 0.332773 0.736572 0.481445 0.0366211 0.154297 
0 0.293206 0.257568 0.398926 0.0131836 0.0517578 
9 0.265272 0.413086 0.383789 0.0234375 0.0410156 
