3 0.904231 0.177979 0.478027 0.140137 0.196289 
3 0.879324 0.543457 0.461914 0.148438 0.173828 
3 0.826593 0.263184 0.451172 0.0644531 0.123047 
3 0.821324 0.336914 0.42041 0.0234375 0.0537109 
3 0.804898 0.308838 0.422852 0.0600586 0.0878906 
3 0.743626 0.463135 0.427246 0.043457 0.0810547 
0 0.694831 0.680176 0.430176 0.0371094 0.194336 
3 0.678647 0.245117 0.464844 0.0576172 0.138672 
3 0.642302 0.416504 0.412598 0.0244141 0.0302734 
3 0.575303 0.445801 0.425293 0.0351562 0.0595703 
3 0.53022 0.349365 0.414062 0.0239258 0.0390625 
3 0.515733 0.430908 0.415039 0.0200195 0.0410156 
3 0.282082 0.366211 0.412109 0.0224609 0.0273438 
3 0.25163 0.474365 0.444824 0.0405273 0.0751953 
