0 0.88579 0.604736 0.418945 0.0268555 0.146484 
0 0.8778 0.777588 0.44043 0.0825195 0.480469 
3 0.807738 0.168213 0.422852 0.0581055 0.0566406 
5 0.728327 0.239746 0.367676 0.104492 0.235352 
2 0.486485 0.451172 0.479492 0.0703125 0.373047 
0 0.478682 0.535889 0.41748 0.0249023 0.0830078 
3 0.469975 0.399658 0.422852 0.0327148 0.0410156 
0 0.430444 0.451172 0.479492 0.0703125 0.373047 
3 0.406104 0.380859 0.421387 0.046875 0.0458984 
9 0.368411 0.32373 0.423828 0.0166016 0.0527344 
0 0.359772 0.663818 0.416016 0.0571289 0.28125 
0 0.329119 0.671631 0.42041 0.0610352 0.411133 
0 0.327539 0.496094 0.416992 0.0175781 0.0644531 
3 0.309105 0.367432 0.424316 0.0463867 0.0517578 
3 0.308074 0.410645 0.423828 0.0185547 0.0390625 
0 0.293474 0.553467 0.416016 0.0229492 0.09375 
9 0.291506 0.456055 0.530273 0.0751953 0.257812 
0 0.287103 0.348877 0.399902 0.0170898 0.0615234 
0 0.2851 0.320068 0.397949 0.0161133 0.0771484 
0 0.272212 0.528076 0.41748 0.0209961 0.0712891 
0 0.25769 0.647461 0.301758 0.0195312 0.0644531 
9 0.253611 0.323975 0.419434 0.0249023 0.0615234 
