3 0.864598 0.224854 0.464355 0.153809 0.266602 
3 0.832279 0.302734 0.40918 0.0341797 0.046875 
3 0.830833 0.148682 0.397949 0.0229492 0.0361328 
3 0.69129 0.118652 0.399902 0.0292969 0.0380859 
3 0.447225 0.043457 0.600586 0.0888672 0.527344 
0 0.355999 0.395996 0.396973 0.015625 0.0556641 
10 0.347528 0.493408 0.430176 0.0522461 0.0908203 
3 0.323838 0.130615 0.398438 0.0219727 0.0332031 
9 0.322835 0.38623 0.415039 0.0185547 0.0488281 
3 0.253583 0.303223 0.398438 0.0595703 0.0664062 
3 0.864598 0.224854 0.464355 0.153809 0.266602 
3 0.832279 0.302734 0.40918 0.0341797 0.046875 
3 0.830833 0.148682 0.397949 0.0229492 0.0361328 
3 0.69129 0.118652 0.399902 0.0292969 0.0380859 
3 0.447225 0.043457 0.600586 0.0888672 0.527344 
0 0.355999 0.395996 0.396973 0.015625 0.0556641 
10 0.347528 0.493408 0.430176 0.0522461 0.0908203 
3 0.323838 0.130615 0.398438 0.0219727 0.0332031 
9 0.322835 0.38623 0.415039 0.0185547 0.0488281 
3 0.253583 0.303223 0.398438 0.0595703 0.0664062 
