3 0.910364 0.108643 0.463867 0.175293 0.191406 
3 0.89583 0.393066 0.418945 0.0751953 0.117188 
3 0.801098 0.0256348 0.468262 0.050293 0.288086 
0 0.787213 0.701416 0.445801 0.0395508 0.202148 
6 0.728317 0.506592 0.345703 0.081543 0.175781 
2 0.669771 0.277588 0.421875 0.034668 0.138672 
0 0.644036 0.322021 0.400391 0.0170898 0.0761719 
0 0.630065 0.961182 0.416992 0.0483398 0.244141 
9 0.624398 0.229004 0.480957 0.0410156 0.15332 
3 0.614197 0.431396 0.39209 0.0522461 0.0751953 
9 0.580303 0.278564 0.45459 0.0366211 0.112305 
0 0.577246 0.335205 0.393066 0.0141602 0.0576172 
2 0.567736 0.230957 0.408691 0.0419922 0.209961 
0 0.497948 0.927246 0.419922 0.0390625 0.220703 
9 0.476957 0.633301 0.41748 0.0224609 0.0517578 
0 0.398167 0.932617 0.395996 0.03125 0.143555 
3 0.397233 0.458496 0.390625 0.0224609 0.0449219 
0 0.373636 0.737549 0.39209 0.0219727 0.124023 
0 0.362698 0.859131 0.419922 0.0356445 0.179688 
2 0.356934 0.225098 0.422852 0.0419922 0.142578 
0 0.355898 0.977295 0.40625 0.0395508 0.232422 
3 0.317777 0.209229 0.421387 0.0581055 0.165039 
8 0.304422 0.663818 0.428223 0.0415039 0.0673828 
0 0.289444 0.351318 0.391602 0.0170898 0.0566406 
9 0.28818 0.647217 0.42334 0.0473633 0.0751953 
9 0.270659 0.236328 0.477539 0.0371094 0.123047 
0 0.263366 0.213623 0.38916 0.027832 0.133789 
