3 0.867113 0.726807 0.450195 0.0893555 0.111328 
3 0.847279 0.572266 0.487305 0.164062 0.257812 
0 0.841128 0.181885 0.445801 0.0336914 0.19043 
0 0.797352 0.30542 0.444824 0.0375977 0.180664 
0 0.767724 0.273438 0.453125 0.0322266 0.175781 
0 0.70099 0.143066 0.452637 0.0439453 0.225586 
0 0.67887 0.22998 0.449219 0.0371094 0.175781 
0 0.637359 0.816406 0.42041 0.0224609 0.108398 
3 0.581509 0.664307 0.425781 0.0249023 0.0527344 
3 0.576427 0.679688 0.433105 0.0410156 0.0732422 
2 0.573376 0.120361 0.45166 0.0424805 0.219727 
0 0.557826 0.193848 0.448242 0.0332031 0.175781 
0 0.444011 0.163086 0.448242 0.0351562 0.207031 
3 0.426115 0.70459 0.444824 0.0703125 0.0966797 
0 0.412988 0.508301 0.398926 0.0146484 0.0517578 
0 0.405359 0.846924 0.419922 0.019043 0.0898438 
10 0.373634 0.412842 0.466309 0.0834961 0.0986328 
0 0.365602 0.243408 0.448242 0.0297852 0.158203 
0 0.338555 0.916016 0.415039 0.0234375 0.0996094 
3 0.322058 0.691895 0.443359 0.0410156 0.0859375 
2 0.31657 0.636963 0.388672 0.0327148 0.103516 
0 0.315985 0.838867 0.421875 0.0205078 0.103516 
0 0.315458 0.898193 0.415039 0.0219727 0.0898438 
0 0.293349 0.367676 0.415527 0.0136719 0.0576172 
0 0.292696 0.494873 0.398438 0.0151367 0.0507812 
0 0.287319 0.128174 0.481445 0.0395508 0.177734 
