3 0.91122 0.145752 0.452148 0.125488 0.15625 
3 0.85419 0.737305 0.455078 0.143555 0.207031 
3 0.577119 0.432373 0.402344 0.0375977 0.0546875 
3 0.575875 0.883545 0.509277 0.22998 0.483398 
0 0.556652 0.631104 0.404297 0.0151367 0.0566406 
3 0.55344 0.0144043 0.459961 0.0307617 0.222656 
3 0.521682 0.567627 0.411133 0.0405273 0.0605469 
3 0.495865 0.680664 0.44873 0.0537109 0.139648 
0 0.404634 0.634033 0.409668 0.0180664 0.0654297 
3 0.375808 0.366699 0.397461 0.0429688 0.0527344 
3 0.354993 0.537109 0.398926 0.0292969 0.0478516 
0 0.337784 0.337158 0.416504 0.0229492 0.108398 
3 0.316557 0.540283 0.410156 0.0229492 0.046875 
3 0.292942 0.553223 0.410156 0.0400391 0.0566406 
3 0.290257 0.381348 0.396484 0.0380859 0.0585938 
2 0.277388 0.276855 0.416992 0.015625 0.0488281 
3 0.91122 0.145752 0.452148 0.125488 0.15625 
3 0.85419 0.737305 0.455078 0.143555 0.207031 
3 0.577119 0.432373 0.402344 0.0375977 0.0546875 
3 0.575875 0.883545 0.509277 0.22998 0.483398 
0 0.556652 0.631104 0.404297 0.0151367 0.0566406 
3 0.55344 0.0144043 0.459961 0.0307617 0.222656 
3 0.521682 0.567627 0.411133 0.0405273 0.0605469 
3 0.495865 0.680664 0.44873 0.0537109 0.139648 
0 0.404634 0.634033 0.409668 0.0180664 0.0654297 
3 0.375808 0.366699 0.397461 0.0429688 0.0527344 
3 0.354993 0.537109 0.398926 0.0292969 0.0478516 
0 0.337784 0.337158 0.416504 0.0229492 0.108398 
3 0.316557 0.540283 0.410156 0.0229492 0.046875 
3 0.292942 0.553223 0.410156 0.0400391 0.0566406 
3 0.290257 0.381348 0.396484 0.0380859 0.0585938 
2 0.277388 0.276855 0.416992 0.015625 0.0488281 
3 0.91122 0.145752 0.452148 0.125488 0.15625 
3 0.85419 0.737305 0.455078 0.143555 0.207031 
3 0.577119 0.432373 0.402344 0.0375977 0.0546875 
3 0.575875 0.883545 0.509277 0.22998 0.483398 
0 0.556652 0.631104 0.404297 0.0151367 0.0566406 
3 0.55344 0.0144043 0.459961 0.0307617 0.222656 
3 0.521682 0.567627 0.411133 0.0405273 0.0605469 
3 0.495865 0.680664 0.44873 0.0537109 0.139648 
0 0.404634 0.634033 0.409668 0.0180664 0.0654297 
3 0.375808 0.366699 0.397461 0.0429688 0.0527344 
3 0.354993 0.537109 0.398926 0.0292969 0.0478516 
0 0.337784 0.337158 0.416504 0.0229492 0.108398 
3 0.316557 0.540283 0.410156 0.0229492 0.046875 
3 0.292942 0.553223 0.410156 0.0400391 0.0566406 
3 0.290257 0.381348 0.396484 0.0380859 0.0585938 
2 0.277388 0.276855 0.416992 0.015625 0.0488281 
