3 0.883984 0.395508 0.42334 0.0791016 0.12207 
3 0.866177 0.285156 0.472168 0.168945 0.233398 
3 0.790226 0.0258789 0.462891 0.0566406 0.136719 
3 0.634171 0.441162 0.425781 0.0366211 0.0605469 
0 0.594144 0.688721 0.39502 0.0229492 0.0986328 
3 0.574586 0.090332 0.450195 0.0957031 0.101562 
3 0.560113 0.621338 0.426758 0.081543 0.113281 
3 0.488245 0.182617 0.44043 0.0605469 0.0742188 
0 0.435956 0.684814 0.39502 0.027832 0.124023 
3 0.359114 0.588867 0.428711 0.0234375 0.0800781 
0 0.346383 0.664795 0.397461 0.0200195 0.103516 
3 0.344375 0.597168 0.42627 0.0439453 0.0966797 
3 0.296812 0.432861 0.425293 0.0336914 0.0771484 
5 0.261649 0.516846 0.391602 0.0581055 0.103516 
3 0.883984 0.395508 0.42334 0.0791016 0.12207 
3 0.866177 0.285156 0.472168 0.168945 0.233398 
3 0.790226 0.0258789 0.462891 0.0566406 0.136719 
3 0.634171 0.441162 0.425781 0.0366211 0.0605469 
0 0.594144 0.688721 0.39502 0.0229492 0.0986328 
3 0.574586 0.090332 0.450195 0.0957031 0.101562 
3 0.560113 0.621338 0.426758 0.081543 0.113281 
3 0.488245 0.182617 0.44043 0.0605469 0.0742188 
0 0.435956 0.684814 0.39502 0.027832 0.124023 
3 0.359114 0.588867 0.428711 0.0234375 0.0800781 
0 0.346383 0.664795 0.397461 0.0200195 0.103516 
3 0.344375 0.597168 0.42627 0.0439453 0.0966797 
3 0.296812 0.432861 0.425293 0.0336914 0.0771484 
5 0.261649 0.516846 0.391602 0.0581055 0.103516 
