0 0.912057 0.445068 0.479004 0.0883789 0.463867 
3 0.820613 0.197021 0.388672 0.0307617 0.0410156 
3 0.6238 0.149658 0.388184 0.0356445 0.0498047 
3 0.594968 0.162598 0.388184 0.0292969 0.0439453 
0 0.564823 0.894775 0.354492 0.019043 0.0820312 
3 0.564136 0.101807 0.394531 0.0317383 0.0410156 
3 0.518897 0.227295 0.38623 0.0356445 0.0419922 
3 0.456854 0.0693359 0.395508 0.0507812 0.046875 
3 0.429172 0.271973 0.384766 0.0273438 0.0410156 
3 0.416856 0.207764 0.387207 0.0249023 0.0419922 
3 0.39526 0.0559082 0.401367 0.0366211 0.0429688 
3 0.343311 0.0849609 0.39502 0.0449219 0.0439453 
0 0.310661 0.888428 0.357422 0.0151367 0.0820312 
4 0.256474 0.288086 0.380371 0.0283203 0.0419922 
