3 0.844552 0.162354 0.429688 0.0942383 0.0898438 
3 0.731839 0.734619 0.413086 0.0522461 0.138672 
3 0.731437 0.643555 0.413574 0.0419922 0.0595703 
3 0.693086 0.5979 0.399414 0.0180664 0.0273438 
5 0.629141 0.860352 0.335938 0.242188 0.558594 
3 0.582097 0.696777 0.412109 0.0302734 0.0644531 
3 0.508029 0.68042 0.401855 0.0288086 0.0498047 
3 0.485038 0.588867 0.398438 0.0175781 0.0292969 
3 0.348358 0.70874 0.419434 0.0317383 0.0791016 
0 0.305377 0.819824 0.0507812 0.0292969 0.0917969 
3 0.286444 0.598877 0.398926 0.0268555 0.0322266 
3 0.844552 0.162354 0.429688 0.0942383 0.0898438 
3 0.731839 0.734619 0.413086 0.0522461 0.138672 
3 0.731437 0.643555 0.413574 0.0419922 0.0595703 
3 0.693086 0.5979 0.399414 0.0180664 0.0273438 
5 0.629141 0.860352 0.335938 0.242188 0.558594 
3 0.582097 0.696777 0.412109 0.0302734 0.0644531 
3 0.508029 0.68042 0.401855 0.0288086 0.0498047 
3 0.485038 0.588867 0.398438 0.0175781 0.0292969 
3 0.348358 0.70874 0.419434 0.0317383 0.0791016 
0 0.305377 0.819824 0.0507812 0.0292969 0.0917969 
3 0.286444 0.598877 0.398926 0.0268555 0.0322266 
