3 0.907307 0.239746 0.450195 0.102539 0.134766 
3 0.897222 0.318115 0.42041 0.0629883 0.0986328 
3 0.833584 0.0432129 0.533203 0.0864258 0.34375 
3 0.771733 0.572021 0.430664 0.0483398 0.0976562 
3 0.729978 0.62915 0.442871 0.104004 0.15918 
3 0.617875 0.349609 0.41748 0.0244141 0.0576172 
3 0.489367 0.916016 0.404297 0.158203 0.173828 
3 0.422668 0.553955 0.42627 0.0385742 0.0830078 
3 0.402163 0.368408 0.409668 0.0307617 0.0517578 
2 0.333414 0.504395 0.417969 0.0253906 0.101562 
3 0.327974 0.458252 0.40332 0.0239258 0.0292969 
3 0.30959 0.380127 0.409668 0.027832 0.0439453 
3 0.273869 0.52124 0.415039 0.0366211 0.0585938 
