3 0.93446 0.302246 0.471191 0.155273 0.24707 
0 0.792096 0.604004 0.42334 0.0527344 0.299805 
3 0.78649 0.227295 0.448242 0.0405273 0.123047 
0 0.651402 0.55835 0.419922 0.0415039 0.234375 
0 0.651047 0.370361 0.392578 0.0219727 0.0898438 
8 0.628584 0.82251 0.447266 0.0541992 0.117188 
9 0.525407 0.960205 0.513184 0.0698242 0.19043 
0 0.505004 0.570312 0.422363 0.0488281 0.286133 
0 0.441537 0.633057 0.424316 0.0395508 0.21582 
0 0.440207 0.661377 0.428711 0.0649414 0.339844 
0 0.35458 0.652588 0.425293 0.0522461 0.260742 
3 0.345684 0.230225 0.42627 0.043457 0.100586 
0 0.325928 0.901855 0.421875 0.0341797 0.179688 
0 0.321005 0.794189 0.402832 0.0463867 0.223633 
9 0.303476 0.920654 0.464844 0.0688477 0.144531 
3 0.288924 0.22876 0.395508 0.0297852 0.0449219 
0 0.26246 0.0424805 0.364258 0.0224609 0.0722656 
0 0.25617 0.586182 0.428223 0.0649414 0.321289 
0 0.252503 0.380615 0.396973 0.0209961 0.0888672 
