3 0.883981 0.70166 0.444824 0.146484 0.211914 
3 0.869314 0.584473 0.413086 0.0410156 0.0625 
3 0.84585 0.148193 0.464844 0.29248 0.511719 
3 0.83712 0.820801 0.448242 0.117188 0.160156 
3 0.814666 0.944824 0.446289 0.110352 0.162109 
3 0.812265 0.296875 0.430664 0.154297 0.261719 
3 0.706328 0.551758 0.392578 0.0390625 0.0605469 
3 0.669291 0.378906 0.425293 0.0761719 0.166992 
3 0.624219 0.617188 0.42041 0.0625 0.108398 
3 0.564141 0.47998 0.394531 0.0332031 0.0410156 
3 0.499985 0.522705 0.401855 0.0522461 0.0712891 
3 0.419722 0.630371 0.40918 0.0683594 0.119141 
3 0.345025 0.488281 0.391602 0.0283203 0.0449219 
3 0.326674 0.459473 0.395996 0.0498047 0.0498047 
10 0.30671 0.459473 0.395996 0.0498047 0.0498047 
10 0.25582 0.44751 0.395508 0.0620117 0.0683594 
