3 0.864733 0.222412 0.445801 0.105957 0.139648 
3 0.839523 0.801758 0.427734 0.1875 0.257812 
3 0.763825 0.67627 0.418457 0.0820312 0.137695 
3 0.715815 0.61377 0.393555 0.0507812 0.0683594 
3 0.713839 0.279297 0.424316 0.0830078 0.116211 
3 0.708727 0.367676 0.409668 0.0439453 0.0693359 
3 0.70068 0.429688 0.399902 0.0302734 0.0458984 
9 0.683846 0.321289 0.45752 0.0371094 0.110352 
3 0.682977 0.712891 0.425293 0.0703125 0.161133 
2 0.614404 0.322021 0.418945 0.0395508 0.152344 
3 0.571669 0.444336 0.396484 0.0234375 0.0371094 
3 0.557648 0.0354004 0.484375 0.0708008 0.246094 
3 0.55567 0.511963 0.390625 0.027832 0.046875 
3 0.550689 0.330811 0.425293 0.0415039 0.0908203 
3 0.495988 0.128662 0.466797 0.153809 0.193359 
3 0.492166 0.553711 0.383301 0.0507812 0.0615234 
3 0.439948 0.460938 0.39209 0.0214844 0.0361328 
3 0.373006 0.475098 0.39209 0.0214844 0.0322266 
3 0.319247 0.601807 0.387695 0.0473633 0.0703125 
4 0.314039 0.553467 0.381836 0.0512695 0.0605469 
3 0.30744 0.521729 0.388184 0.0317383 0.0478516 
3 0.302171 0.48999 0.389648 0.0209961 0.03125 
0 0.298828 0.646729 0.362305 0.0200195 0.0625 
3 0.293303 0.398193 0.400879 0.0307617 0.0537109 
3 0.291223 0.417236 0.398926 0.0239258 0.0400391 
9 0.286337 0.322021 0.474609 0.0258789 0.0976562 
3 0.264139 0.394775 0.412109 0.0317383 0.0507812 
