3 0.841666 0.161377 0.427246 0.090332 0.114258 
3 0.838792 0.224121 0.419434 0.0576172 0.0869141 
3 0.772306 0.027832 0.45459 0.0556641 0.139648 
0 0.666116 0.748779 0.398438 0.0209961 0.0996094 
3 0.596764 0.0839844 0.445801 0.0849609 0.106445 
3 0.579984 0.551025 0.408203 0.0268555 0.0429688 
0 0.51762 0.887451 0.397949 0.0258789 0.135742 
3 0.5048 0.618652 0.398438 0.0234375 0.0273438 
3 0.439069 0.42627 0.409668 0.0302734 0.0380859 
0 0.420391 0.831055 0.394043 0.0234375 0.116211 
0 0.414906 0.825439 0.391113 0.0219727 0.0947266 
0 0.385318 0.326172 0.411621 0.0136719 0.0537109 
0 0.377212 0.893799 0.394043 0.0258789 0.137695 
