2 0.81962 0.760498 0.394531 0.0258789 0.132812 
0 0.819511 0.337891 0.44873 0.0810547 0.364258 
0 0.733045 0.459473 0.407227 0.0439453 0.248047 
0 0.72936 0.590576 0.41748 0.0327148 0.198242 
0 0.70219 0.511719 0.412109 0.0419922 0.236328 
0 0.662223 0.234375 0.447266 0.0703125 0.330078 
0 0.659605 0.554443 0.425781 0.0385742 0.183594 
0 0.657737 0.288818 0.417969 0.059082 0.330078 
0 0.627916 0.544189 0.419434 0.0366211 0.209961 
0 0.624648 0.710205 0.386719 0.0209961 0.0839844 
9 0.571475 0.760498 0.421387 0.034668 0.104492 
0 0.556755 0.493896 0.414062 0.0385742 0.234375 
0 0.55448 0.151123 0.446289 0.0551758 0.300781 
0 0.524491 0.525879 0.42041 0.0400391 0.22168 
0 0.440843 0.626709 0.413574 0.034668 0.170898 
0 0.418064 0.696533 0.38623 0.0180664 0.0751953 
0 0.397025 0.726807 0.390625 0.0249023 0.0761719 
0 0.391188 0.615479 0.414062 0.0395508 0.201172 
3 0.320793 0.918701 0.403809 0.0473633 0.0595703 
9 0.296538 0.759277 0.442871 0.0253906 0.0810547 
0 0.282603 0.195557 0.421875 0.0385742 0.222656 
0 0.267914 0.209229 0.447266 0.0512695 0.302734 
0 0.265447 0.383057 0.416016 0.027832 0.109375 
