3 0.924398 0.854492 0.536133 0.286133 0.367188 
3 0.904531 0.619141 0.41748 0.0283203 0.0458984 
3 0.850885 0.397949 0.425781 0.101562 0.146484 
0 0.828465 0.229004 0.414551 0.0322266 0.170898 
0 0.785867 0.266846 0.415039 0.0317383 0.148438 
3 0.684347 0.698975 0.427734 0.0610352 0.0957031 
3 0.660347 0.45874 0.418457 0.0327148 0.0771484 
3 0.626429 0.538086 0.404785 0.0224609 0.0341797 
3 0.561192 0.447998 0.425293 0.0375977 0.0908203 
3 0.527559 0.755859 0.413574 0.0585938 0.0908203 
3 0.504126 0.478271 0.412109 0.0209961 0.0488281 
0 0.440768 0.307129 0.414062 0.0302734 0.148438 
3 0.432998 0.741455 0.42334 0.065918 0.104492 
0 0.424522 0.29248 0.412598 0.0273438 0.129883 
3 0.402503 0.679199 0.421387 0.0478516 0.0947266 
3 0.299712 0.487305 0.40918 0.0185547 0.0371094 
