0 0.920239 0.675781 0.454102 0.0869141 0.322266 
3 0.703217 0.415283 0.40918 0.195801 0.15625 
0 0.65756 0.60376 0.448242 0.0668945 0.359375 
9 0.486284 0.195801 0.44873 0.0283203 0.0791016 
9 0.445954 0.195801 0.44873 0.0371094 0.104492 
3 0.428308 0.405029 0.424316 0.149902 0.219727 
2 0.394317 0.195557 0.422363 0.0415039 0.116211 
0 0.385864 0.322266 0.354492 0.015625 0.0527344 
0 0.329747 0.394043 0.455078 0.0761719 0.240234 
0 0.319128 0.398193 0.419434 0.111816 0.272461 
0 0.286424 0.097168 0.364746 0.0146484 0.0732422 
0 0.281173 0.791504 0.369141 0.0136719 0.0429688 
3 0.267008 0.931152 0.421875 0.129883 0.179688 
