3 0.894323 0.207275 0.473633 0.26123 0.263672 
3 0.880171 0.772461 0.397949 0.0546875 0.0830078 
3 0.727454 0.689697 0.380371 0.0385742 0.0615234 
3 0.710429 0.602539 0.387207 0.0244141 0.0537109 
3 0.675374 0.615967 0.382812 0.0229492 0.0429688 
3 0.666782 0.550293 0.399414 0.0712891 0.103516 
3 0.658078 0.513184 0.414062 0.0947266 0.105469 
0 0.605864 0.348389 0.369629 0.0219727 0.0986328 
3 0.485658 0.801514 0.391602 0.0229492 0.0488281 
3 0.473457 0.631104 0.380859 0.019043 0.0351562 
3 0.445407 0.615723 0.381348 0.0332031 0.0556641 
3 0.338084 0.586182 0.392578 0.0366211 0.0800781 
3 0.33807 0.486084 0.412109 0.120605 0.103516 
3 0.284068 0.55542 0.410156 0.0424805 0.0878906 
3 0.263936 0.569336 0.398926 0.0566406 0.0986328 
