3 0.905008 0.369873 0.424805 0.0737305 0.119141 
2 0.809707 0.212158 0.420898 0.0161133 0.0761719 
3 0.683121 0.284668 0.442871 0.0839844 0.114258 
9 0.588435 0.21167 0.445312 0.012207 0.0546875 
3 0.547396 0.24292 0.414062 0.0180664 0.0332031 
3 0.539298 0.18042 0.418945 0.0258789 0.0703125 
3 0.486758 0.226318 0.416016 0.0258789 0.0351562 
3 0.45435 0.522949 0.397461 0.0410156 0.0625 
3 0.435859 0.162598 0.431152 0.0605469 0.0888672 
3 0.421647 0.476318 0.409668 0.0297852 0.0439453 
3 0.405032 0.428467 0.40918 0.034668 0.0371094 
3 0.375079 0.193604 0.416016 0.0219727 0.0351562 
3 0.344852 0.14917 0.441895 0.0844727 0.0966797 
3 0.324024 0.320068 0.393066 0.0336914 0.0537109 
3 0.312027 0.492676 0.410645 0.0332031 0.0478516 
3 0.298244 0.19458 0.415039 0.0366211 0.0507812 
