3 0.876548 0.787109 0.466797 0.118164 0.242188 
3 0.777715 0.228516 0.492188 0.308594 0.230469 
3 0.708426 0.960693 0.566406 0.0795898 0.365234 
3 0.672224 0.664307 0.42627 0.050293 0.0849609 
3 0.671026 0.885498 0.512695 0.231934 0.3125 
3 0.66543 0.634766 0.42041 0.0332031 0.0595703 
3 0.63726 0.615479 0.416504 0.0239258 0.0478516 
3 0.623053 0.412842 0.42627 0.11084 0.114258 
3 0.606223 0.698975 0.432129 0.0786133 0.12793 
3 0.575347 0.605225 0.414062 0.019043 0.0351562 
3 0.563588 0.476318 0.42334 0.0463867 0.0693359 
3 0.552198 0.38501 0.450195 0.0795898 0.111328 
3 0.521944 0.369629 0.463379 0.0722656 0.125977 
3 0.48524 0.646729 0.419922 0.0463867 0.0703125 
3 0.384382 0.490723 0.42041 0.0332031 0.0498047 
0 0.366049 0.69458 0.425781 0.0483398 0.152344 
3 0.302717 0.556885 0.408203 0.0229492 0.0253906 
3 0.299152 0.568359 0.408203 0.0263672 0.0292969 
3 0.276641 0.524902 0.409668 0.0185547 0.0263672 
