2 0.67827 0.264648 0.420898 0.078125 0.28125 
3 0.66948 0.646973 0.394043 0.0273438 0.0302734 
0 0.640655 0.134766 0.382812 0.0283203 0.0976562 
0 0.624093 0.579834 0.431641 0.0493164 0.294922 
3 0.568308 0.695312 0.393555 0.0371094 0.0429688 
9 0.557892 0.26416 0.507324 0.169922 0.208008 
3 0.536077 0.635498 0.396973 0.0239258 0.0322266 
3 0.520578 0.495605 0.410645 0.0400391 0.0556641 
3 0.506744 0.725098 0.401855 0.0546875 0.0673828 
3 0.434488 0.711182 0.395996 0.0532227 0.0556641 
0 0.42883 0.603027 0.426758 0.0537109 0.310547 
3 0.388346 0.682617 0.394043 0.0224609 0.0341797 
3 0.375081 0.503906 0.409668 0.0332031 0.0498047 
9 0.319412 0.26416 0.466309 0.125 0.24707 
0 0.318218 0.133057 0.371582 0.0200195 0.0517578 
0 0.29968 0.396973 0.400879 0.0185547 0.0791016 
0 0.287915 0.399414 0.412598 0.0185547 0.0654297 
3 0.285317 0.475098 0.410645 0.0507812 0.0517578 
3 0.25634 0.555664 0.399902 0.0234375 0.0439453 
