3 0.831674 0.0966797 0.391602 0.0410156 0.0605469 
3 0.826008 0.274658 0.397949 0.0307617 0.0615234 
3 0.714061 0.28833 0.400879 0.0415039 0.0615234 
10 0.713276 0.046875 0.413574 0.0791016 0.0791016 
9 0.698924 0.323486 0.414551 0.0249023 0.0517578 
3 0.669343 0.169434 0.396973 0.0332031 0.0537109 
0 0.666615 0.493652 0.416504 0.0253906 0.120117 
9 0.600749 0.330811 0.412109 0.027832 0.0507812 
0 0.582637 0.673584 0.414062 0.0356445 0.154297 
0 0.427482 0.474609 0.414062 0.0253906 0.132812 
3 0.417908 0.0224609 0.394043 0.0400391 0.0634766 
0 0.367189 0.789795 0.395508 0.0239258 0.0703125 
0 0.285134 0.394531 0.397461 0.0185547 0.0976562 
2 0.272985 0.616943 0.383301 0.0239258 0.0908203 
3 0.272788 0.304688 0.409668 0.0488281 0.0556641 
3 0.256873 0.224854 0.369629 0.019043 0.0263672 
