3 0.700468 0.196045 0.430176 0.0512695 0.0732422 
2 0.688093 0.222168 0.42334 0.0273438 0.12793 
3 0.677537 0.393799 0.417969 0.0415039 0.0605469 
9 0.631365 0.220703 0.456055 0.0244141 0.078125 
3 0.629247 0.522949 0.415039 0.0400391 0.0527344 
3 0.585111 0.505859 0.411621 0.0263672 0.0439453 
3 0.570669 0.682373 0.387207 0.231934 0.389648 
3 0.568602 0.350098 0.413086 0.0205078 0.0410156 
3 0.563955 0.319336 0.421387 0.0410156 0.0498047 
3 0.562484 0.336914 0.416504 0.0263672 0.0478516 
3 0.55652 0.034668 0.466797 0.0566406 0.162109 
3 0.532678 0.152832 0.44043 0.0771484 0.103516 
3 0.455983 0.0834961 0.416992 0.0869141 0.103516 
9 0.388466 0.214355 0.452637 0.0263672 0.0869141 
3 0.355085 0.496338 0.411133 0.0180664 0.0371094 
3 0.307528 0.196533 0.443848 0.0375977 0.0673828 
3 0.700468 0.196045 0.430176 0.0512695 0.0732422 
2 0.688093 0.222168 0.42334 0.0273438 0.12793 
3 0.677537 0.393799 0.417969 0.0415039 0.0605469 
9 0.631365 0.220703 0.456055 0.0244141 0.078125 
3 0.629247 0.522949 0.415039 0.0400391 0.0527344 
3 0.585111 0.505859 0.411621 0.0263672 0.0439453 
3 0.570669 0.682373 0.387207 0.231934 0.389648 
3 0.568602 0.350098 0.413086 0.0205078 0.0410156 
3 0.563955 0.319336 0.421387 0.0410156 0.0498047 
3 0.562484 0.336914 0.416504 0.0263672 0.0478516 
3 0.55652 0.034668 0.466797 0.0566406 0.162109 
3 0.532678 0.152832 0.44043 0.0771484 0.103516 
3 0.455983 0.0834961 0.416992 0.0869141 0.103516 
9 0.388466 0.214355 0.452637 0.0263672 0.0869141 
3 0.355085 0.496338 0.411133 0.0180664 0.0371094 
3 0.307528 0.196533 0.443848 0.0375977 0.0673828 
3 0.700468 0.196045 0.430176 0.0512695 0.0732422 
2 0.688093 0.222168 0.42334 0.0273438 0.12793 
3 0.677537 0.393799 0.417969 0.0415039 0.0605469 
9 0.631365 0.220703 0.456055 0.0244141 0.078125 
3 0.629247 0.522949 0.415039 0.0400391 0.0527344 
3 0.585111 0.505859 0.411621 0.0263672 0.0439453 
3 0.570669 0.682373 0.387207 0.231934 0.389648 
3 0.568602 0.350098 0.413086 0.0205078 0.0410156 
3 0.563955 0.319336 0.421387 0.0410156 0.0498047 
3 0.562484 0.336914 0.416504 0.0263672 0.0478516 
3 0.55652 0.034668 0.466797 0.0566406 0.162109 
3 0.532678 0.152832 0.44043 0.0771484 0.103516 
3 0.455983 0.0834961 0.416992 0.0869141 0.103516 
9 0.388466 0.214355 0.452637 0.0263672 0.0869141 
3 0.355085 0.496338 0.411133 0.0180664 0.0371094 
3 0.307528 0.196533 0.443848 0.0375977 0.0673828 
