3 0.931226 0.212402 0.448242 0.0791016 0.107422 
0 0.905228 0.889893 0.463867 0.0717773 0.371094 
3 0.896049 0.0800781 0.488281 0.135742 0.152344 
3 0.887233 0.671387 0.486328 0.15918 0.154297 
3 0.764385 0.258301 0.445801 0.0429688 0.0654297 
3 0.701008 0.164551 0.478516 0.0751953 0.0976562 
3 0.674983 0.337402 0.41748 0.0244141 0.0380859 
2 0.613427 0.4729 0.420898 0.0258789 0.103516 
3 0.605847 0.577393 0.434082 0.0844727 0.12207 
3 0.576184 0.52124 0.414062 0.0219727 0.0390625 
3 0.515093 0.272949 0.443848 0.0410156 0.0595703 
3 0.505561 0.510254 0.411621 0.0175781 0.0322266 
3 0.44362 0.381104 0.429199 0.0561523 0.0673828 
3 0.442413 0.379395 0.441895 0.0683594 0.0888672 
0 0.425117 0.0373535 0.417969 0.0219727 0.0742188 
3 0.367751 0.49292 0.413086 0.0209961 0.0332031 
0 0.285717 0.0148926 0.477051 0.0229492 0.172852 
0 0.285619 0.00976562 0.458008 0.0205078 0.148438 
3 0.26072 0.519775 0.400879 0.0249023 0.0419922 
3 0.256642 0.51123 0.401367 0.0195312 0.0332031 
9 0.253635 0.4729 0.452637 0.0249023 0.0615234 
3 0.931226 0.212402 0.448242 0.0791016 0.107422 
0 0.905228 0.889893 0.463867 0.0717773 0.371094 
3 0.896049 0.0800781 0.488281 0.135742 0.152344 
3 0.887233 0.671387 0.486328 0.15918 0.154297 
3 0.764385 0.258301 0.445801 0.0429688 0.0654297 
3 0.701008 0.164551 0.478516 0.0751953 0.0976562 
3 0.674983 0.337402 0.41748 0.0244141 0.0380859 
2 0.613427 0.4729 0.420898 0.0258789 0.103516 
3 0.605847 0.577393 0.434082 0.0844727 0.12207 
3 0.576184 0.52124 0.414062 0.0219727 0.0390625 
3 0.515093 0.272949 0.443848 0.0410156 0.0595703 
3 0.505561 0.510254 0.411621 0.0175781 0.0322266 
3 0.44362 0.381104 0.429199 0.0561523 0.0673828 
3 0.442413 0.379395 0.441895 0.0683594 0.0888672 
0 0.425117 0.0373535 0.417969 0.0219727 0.0742188 
3 0.367751 0.49292 0.413086 0.0209961 0.0332031 
0 0.285717 0.0148926 0.477051 0.0229492 0.172852 
0 0.285619 0.00976562 0.458008 0.0205078 0.148438 
3 0.26072 0.519775 0.400879 0.0249023 0.0419922 
3 0.256642 0.51123 0.401367 0.0195312 0.0332031 
9 0.253635 0.4729 0.452637 0.0249023 0.0615234 
