3 0.788154 0.139893 0.398926 0.180176 0.213867 
3 0.720561 0.529053 0.415527 0.0688477 0.0869141 
3 0.578979 0.321777 0.389648 0.109375 0.0761719 
3 0.538329 0.081543 0.403809 0.15332 0.229492 
7 0.352243 0.769287 0.341797 0.179199 0.298828 
3 0.290699 0.397949 0.380371 0.0556641 0.0498047 
3 0.270527 0.0224609 0.38916 0.046875 0.204102 
3 0.268576 0.428467 0.381348 0.0258789 0.0517578 
3 0.256674 0.382568 0.384277 0.0395508 0.0537109 
3 0.788154 0.139893 0.398926 0.180176 0.213867 
3 0.720561 0.529053 0.415527 0.0688477 0.0869141 
3 0.578979 0.321777 0.389648 0.109375 0.0761719 
3 0.538329 0.081543 0.403809 0.15332 0.229492 
7 0.352243 0.769287 0.341797 0.179199 0.298828 
3 0.290699 0.397949 0.380371 0.0556641 0.0498047 
3 0.270527 0.0224609 0.38916 0.046875 0.204102 
3 0.268576 0.428467 0.381348 0.0258789 0.0517578 
3 0.256674 0.382568 0.384277 0.0395508 0.0537109 
3 0.788154 0.139893 0.398926 0.180176 0.213867 
3 0.720561 0.529053 0.415527 0.0688477 0.0869141 
3 0.578979 0.321777 0.389648 0.109375 0.0761719 
3 0.538329 0.081543 0.403809 0.15332 0.229492 
7 0.352243 0.769287 0.341797 0.179199 0.298828 
3 0.290699 0.397949 0.380371 0.0556641 0.0498047 
3 0.270527 0.0224609 0.38916 0.046875 0.204102 
3 0.268576 0.428467 0.381348 0.0258789 0.0517578 
3 0.256674 0.382568 0.384277 0.0395508 0.0537109 
