3 0.922117 0.413086 0.427734 0.104492 0.128906 
3 0.911157 0.350586 0.412109 0.0595703 0.0917969 
0 0.820528 0.883057 0.401367 0.0512695 0.246094 
0 0.745632 0.763916 0.402344 0.0473633 0.263672 
0 0.733658 0.743896 0.405273 0.0493164 0.259766 
0 0.713878 0.0710449 0.416992 0.0229492 0.105469 
0 0.509013 0.0222168 0.416504 0.0219727 0.100586 
0 0.462524 0.773193 0.394531 0.043457 0.240234 
0 0.388742 0.605469 0.389648 0.0205078 0.0976562 
3 0.375932 0.274414 0.40918 0.0253906 0.0351562 
0 0.306841 0.836914 0.42041 0.0361328 0.157227 
0 0.271806 0.827393 0.410645 0.043457 0.204102 
0 0.266921 0.859131 0.414551 0.0454102 0.204102 
3 0.922117 0.413086 0.427734 0.104492 0.128906 
3 0.911157 0.350586 0.412109 0.0595703 0.0917969 
0 0.820528 0.883057 0.401367 0.0512695 0.246094 
0 0.745632 0.763916 0.402344 0.0473633 0.263672 
0 0.733658 0.743896 0.405273 0.0493164 0.259766 
0 0.713878 0.0710449 0.416992 0.0229492 0.105469 
0 0.509013 0.0222168 0.416504 0.0219727 0.100586 
0 0.462524 0.773193 0.394531 0.043457 0.240234 
0 0.388742 0.605469 0.389648 0.0205078 0.0976562 
3 0.375932 0.274414 0.40918 0.0253906 0.0351562 
0 0.306841 0.836914 0.42041 0.0361328 0.157227 
0 0.271806 0.827393 0.410645 0.043457 0.204102 
0 0.266921 0.859131 0.414551 0.0454102 0.204102 
