9 0.723824 0.929932 0.418457 0.0571289 0.129883 
3 0.627637 0.543213 0.392578 0.0454102 0.0917969 
3 0.502829 0.458008 0.391113 0.0322266 0.0439453 
3 0.433768 0.477783 0.396484 0.0356445 0.0429688 
3 0.418927 0.50708 0.385254 0.0239258 0.0302734 
3 0.337895 0.492676 0.392578 0.0263672 0.0371094 
9 0.723824 0.929932 0.418457 0.0571289 0.129883 
3 0.627637 0.543213 0.392578 0.0454102 0.0917969 
3 0.502829 0.458008 0.391113 0.0322266 0.0439453 
3 0.433768 0.477783 0.396484 0.0356445 0.0429688 
3 0.418927 0.50708 0.385254 0.0239258 0.0302734 
3 0.337895 0.492676 0.392578 0.0263672 0.0371094 
