3 0.878858 0.587891 0.483398 0.0742188 0.0898438 
3 0.870093 0.722656 0.519043 0.183594 0.229492 
0 0.865374 0.900146 0.480957 0.0405273 0.209961 
3 0.830184 0.496094 0.483398 0.0693359 0.101562 
3 0.778382 0.539307 0.456055 0.0268555 0.0371094 
0 0.736206 0.0437012 0.462891 0.0336914 0.162109 
0 0.635971 0.596924 0.424316 0.0151367 0.0478516 
9 0.626422 0.133789 0.507324 0.0849609 0.116211 
3 0.437305 0.539551 0.45459 0.0341797 0.0478516 
3 0.401493 0.429932 0.44873 0.0180664 0.0263672 
3 0.394268 0.638428 0.471191 0.0581055 0.0771484 
3 0.388948 0.632812 0.458496 0.0449219 0.0615234 
3 0.356815 0.648193 0.45752 0.050293 0.0576172 
0 0.341745 0.0864258 0.458496 0.0244141 0.118164 
3 0.338693 0.399902 0.45166 0.0166016 0.0302734 
3 0.325935 0.413818 0.448242 0.0180664 0.0292969 
0 0.324468 0.837402 0.48291 0.0361328 0.133789 
9 0.315791 0.11792 0.510254 0.074707 0.0986328 
10 0.300097 0.204834 0.489746 0.0561523 0.0751953 
9 0.29456 0.208008 0.483398 0.0341797 0.0839844 
3 0.289612 0.620605 0.453613 0.0410156 0.0576172 
2 0.27041 0.954102 0.517578 0.0605469 0.269531 
0 0.26406 0.911621 0.484863 0.0458984 0.209961 
9 0.260798 0.834717 0.515625 0.0629883 0.128906 
