0 0.889092 0.573242 0.415039 0.0273438 0.185547 
3 0.813806 0.912109 0.450195 0.130859 0.150391 
0 0.568295 0.647461 0.422852 0.0263672 0.123047 
9 0.474543 0.671875 0.443848 0.0927734 0.114258 
0 0.458643 0.537842 0.413574 0.0356445 0.163086 
0 0.397594 0.643311 0.429199 0.043457 0.116211 
0 0.390304 0.611572 0.430664 0.0327148 0.152344 
0 0.367713 0.604736 0.421875 0.027832 0.150391 
0 0.363449 0.0187988 0.352051 0.019043 0.0537109 
3 0.35675 0.976318 0.453613 0.0473633 0.0986328 
0 0.346388 0.583496 0.424316 0.0283203 0.151367 
0 0.296655 0.615234 0.391113 0.0273438 0.0791016 
9 0.285086 0.0187988 0.352051 0.019043 0.0537109 
3 0.261209 0.988525 0.429688 0.0229492 0.078125 
0 0.889092 0.573242 0.415039 0.0273438 0.185547 
3 0.813806 0.912109 0.450195 0.130859 0.150391 
0 0.568295 0.647461 0.422852 0.0263672 0.123047 
9 0.474543 0.671875 0.443848 0.0927734 0.114258 
0 0.458643 0.537842 0.413574 0.0356445 0.163086 
0 0.397594 0.643311 0.429199 0.043457 0.116211 
0 0.390304 0.611572 0.430664 0.0327148 0.152344 
0 0.367713 0.604736 0.421875 0.027832 0.150391 
0 0.363449 0.0187988 0.352051 0.019043 0.0537109 
3 0.35675 0.976318 0.453613 0.0473633 0.0986328 
0 0.346388 0.583496 0.424316 0.0283203 0.151367 
0 0.296655 0.615234 0.391113 0.0273438 0.0791016 
9 0.285086 0.0187988 0.352051 0.019043 0.0537109 
3 0.261209 0.988525 0.429688 0.0229492 0.078125 
