3 0.912697 0.906494 0.59082 0.181152 0.539062 
0 0.827318 0.381592 0.450195 0.0541992 0.210938 
3 0.791854 0.163818 0.445801 0.217285 0.174805 
0 0.610464 0.465576 0.42334 0.0297852 0.120117 
9 0.581404 0.736328 0.521484 0.0478516 0.164062 
2 0.489584 0.736816 0.458496 0.0625 0.264648 
3 0.374621 0.537109 0.442383 0.15332 0.117188 
0 0.339897 0.394531 0.446289 0.0361328 0.162109 
3 0.277332 0.765137 0.428223 0.163086 0.129883 
3 0.275875 0.789795 0.433105 0.114746 0.108398 
3 0.912697 0.906494 0.59082 0.181152 0.539062 
0 0.827318 0.381592 0.450195 0.0541992 0.210938 
3 0.791854 0.163818 0.445801 0.217285 0.174805 
0 0.610464 0.465576 0.42334 0.0297852 0.120117 
9 0.581404 0.736328 0.521484 0.0478516 0.164062 
2 0.489584 0.736816 0.458496 0.0625 0.264648 
3 0.374621 0.537109 0.442383 0.15332 0.117188 
0 0.339897 0.394531 0.446289 0.0361328 0.162109 
3 0.277332 0.765137 0.428223 0.163086 0.129883 
3 0.275875 0.789795 0.433105 0.114746 0.108398 
3 0.912697 0.906494 0.59082 0.181152 0.539062 
0 0.827318 0.381592 0.450195 0.0541992 0.210938 
3 0.791854 0.163818 0.445801 0.217285 0.174805 
0 0.610464 0.465576 0.42334 0.0297852 0.120117 
9 0.581404 0.736328 0.521484 0.0478516 0.164062 
2 0.489584 0.736816 0.458496 0.0625 0.264648 
3 0.374621 0.537109 0.442383 0.15332 0.117188 
0 0.339897 0.394531 0.446289 0.0361328 0.162109 
3 0.277332 0.765137 0.428223 0.163086 0.129883 
3 0.275875 0.789795 0.433105 0.114746 0.108398 
