3 0.776994 0.480957 0.455566 0.154297 0.112305 
3 0.754071 0.226562 0.471191 0.121094 0.114258 
0 0.676464 0.0185547 0.471191 0.0322266 0.188477 
3 0.629321 0.147705 0.463379 0.0639648 0.0673828 
3 0.550192 0.148193 0.475586 0.0825195 0.0761719 
0 0.488329 0.68042 0.430176 0.0258789 0.0693359 
0 0.415046 0.692383 0.428223 0.0302734 0.0986328 
9 0.33817 0.0720215 0.48291 0.0288086 0.0693359 
0 0.25688 0.567383 0.416504 0.0136719 0.0380859 
3 0.776994 0.480957 0.455566 0.154297 0.112305 
3 0.754071 0.226562 0.471191 0.121094 0.114258 
0 0.676464 0.0185547 0.471191 0.0322266 0.188477 
3 0.629321 0.147705 0.463379 0.0639648 0.0673828 
3 0.550192 0.148193 0.475586 0.0825195 0.0761719 
0 0.488329 0.68042 0.430176 0.0258789 0.0693359 
0 0.415046 0.692383 0.428223 0.0302734 0.0986328 
9 0.33817 0.0720215 0.48291 0.0288086 0.0693359 
0 0.25688 0.567383 0.416504 0.0136719 0.0380859 
3 0.776994 0.480957 0.455566 0.154297 0.112305 
3 0.754071 0.226562 0.471191 0.121094 0.114258 
0 0.676464 0.0185547 0.471191 0.0322266 0.188477 
3 0.629321 0.147705 0.463379 0.0639648 0.0673828 
3 0.550192 0.148193 0.475586 0.0825195 0.0761719 
0 0.488329 0.68042 0.430176 0.0258789 0.0693359 
0 0.415046 0.692383 0.428223 0.0302734 0.0986328 
9 0.33817 0.0720215 0.48291 0.0288086 0.0693359 
0 0.25688 0.567383 0.416504 0.0136719 0.0380859 
