3 0.905294 0.0727539 0.453613 0.0458984 0.0556641 
9 0.758155 0.722656 0.450195 0.103516 0.107422 
3 0.75064 0.0246582 0.45166 0.0571289 0.0634766 
2 0.736012 0.80249 0.423828 0.0522461 0.185547 
3 0.664436 0.0373535 0.452637 0.0493164 0.0615234 
3 0.611961 0.104492 0.444336 0.0322266 0.0527344 
3 0.602811 0.0827637 0.449219 0.0356445 0.0566406 
3 0.598481 0.114014 0.443848 0.0375977 0.0498047 
9 0.427561 0.817383 0.468262 0.142578 0.124023 
3 0.401467 0.0563965 0.45166 0.0297852 0.0537109 
3 0.328141 0.0117188 0.449707 0.0205078 0.0537109 
2 0.299041 0.80542 0.44873 0.0922852 0.19043 
