0 0.911256 0.734619 0.462891 0.0532227 0.304688 
0 0.866474 0.670654 0.491211 0.0620117 0.3125 
2 0.823498 0.790527 0.460938 0.0761719 0.271484 
0 0.818196 0.103027 0.449219 0.0322266 0.146484 
0 0.717767 0.385498 0.490234 0.0629883 0.324219 
0 0.715818 0.65625 0.48291 0.0703125 0.395508 
0 0.699097 0.304932 0.447266 0.0327148 0.146484 
0 0.6931 0.538086 0.48877 0.0595703 0.293945 
0 0.678706 0.451172 0.473633 0.0527344 0.314453 
0 0.614118 0.635986 0.485352 0.0610352 0.337891 
2 0.568733 0.777344 0.45752 0.0712891 0.34082 
0 0.567046 0.581299 0.462402 0.0532227 0.34082 
0 0.527027 0.612305 0.471191 0.0478516 0.30957 
2 0.460323 0.932373 0.459961 0.0981445 0.453125 
9 0.452504 0.505615 0.450195 0.027832 0.0488281 
9 0.436945 0.789795 0.544434 0.0942383 0.198242 
0 0.404568 0.227783 0.446289 0.0385742 0.166016 
9 0.349109 0.943359 0.586914 0.124023 0.269531 
9 0.329033 0.928955 0.5625 0.114746 0.378906 
9 0.326403 0.495361 0.443359 0.0424805 0.0546875 
0 0.30391 0.535645 0.508789 0.0419922 0.226562 
0 0.303885 0.552246 0.478516 0.0683594 0.361328 
0 0.275008 0.4021 0.508789 0.081543 0.310547 
