3 0.927619 0.306885 0.444824 0.101074 0.124023 
3 0.840137 0.351562 0.424805 0.0576172 0.0859375 
3 0.633895 0.0830078 0.433594 0.111328 0.125 
3 0.593185 0.402832 0.387207 0.0253906 0.0341797 
3 0.527997 0.434326 0.388672 0.0385742 0.0488281 
0 0.472107 0.659912 0.411621 0.027832 0.110352 
0 0.444913 0.966553 0.438477 0.0678711 0.634766 
3 0.43058 0.442627 0.38623 0.0297852 0.0498047 
0 0.374232 0.652832 0.411621 0.0273438 0.112305 
0 0.358169 0.694336 0.381836 0.0175781 0.0761719 
3 0.310515 0.462891 0.367676 0.0332031 0.0654297 
3 0.307699 0.410156 0.387695 0.0292969 0.0351562 
3 0.28964 0.402832 0.385254 0.0380859 0.0419922 
3 0.269306 0.460449 0.380859 0.0273438 0.0507812 
5 0.26636 0.463379 0.367676 0.0351562 0.0673828 
0 0.266302 0.972168 0.525879 0.046875 0.545898 
0 0.254232 0.596436 0.394531 0.0170898 0.0761719 
