3 0.887044 0.0537109 0.529785 0.112305 0.317383 
3 0.858916 0.881592 0.527344 0.244629 0.3125 
3 0.849818 0.754883 0.471191 0.151367 0.198242 
3 0.809681 0.134033 0.522949 0.178223 0.202148 
3 0.759806 0.218994 0.487305 0.14502 0.169922 
3 0.755933 0.648438 0.442383 0.0556641 0.111328 
3 0.753434 0.350586 0.442871 0.0322266 0.0791016 
3 0.747601 0.365479 0.429688 0.0268555 0.0527344 
3 0.73337 0.510742 0.418945 0.03125 0.0546875 
3 0.700008 0.519775 0.41748 0.034668 0.0556641 
3 0.671495 0.306396 0.460449 0.0844727 0.125977 
3 0.611645 0.557129 0.416992 0.0722656 0.0703125 
3 0.610952 0.676514 0.449707 0.0688477 0.149414 
3 0.533388 0.261475 0.470703 0.111816 0.136719 
3 0.521412 0.383057 0.42334 0.0229492 0.0439453 
3 0.463658 0.338135 0.447266 0.0493164 0.0917969 
3 0.458769 0.319092 0.449707 0.0708008 0.102539 
3 0.446183 0.474854 0.419434 0.0249023 0.0380859 
3 0.420887 0.491211 0.41748 0.0234375 0.0458984 
3 0.272032 0.461426 0.419434 0.0205078 0.0322266 
3 0.256184 0.195801 0.504883 0.12793 0.166016 
