3 0.790405 0.462891 0.425781 0.0585938 0.0625 
3 0.774292 0.299805 0.429688 0.111328 0.105469 
3 0.756932 0.382812 0.424316 0.0986328 0.0830078 
3 0.742533 0.755127 0.412598 0.097168 0.0927734 
3 0.695284 0.151123 0.427734 0.106934 0.111328 
3 0.674163 0.507568 0.415527 0.0493164 0.0634766 
3 0.56328 0.617432 0.394043 0.0258789 0.0283203 
3 0.549146 0.839355 0.386719 0.0517578 0.0546875 
3 0.540503 0.496094 0.42041 0.0449219 0.0654297 
3 0.509361 0.452881 0.422363 0.0639648 0.0810547 
3 0.504675 0.521484 0.413574 0.0351562 0.0595703 
3 0.479111 0.648193 0.396973 0.0356445 0.0302734 
3 0.446956 0.665527 0.397461 0.0341797 0.0332031 
3 0.436057 0.19751 0.427734 0.0854492 0.0976562 
3 0.422425 0.631836 0.393555 0.0322266 0.0292969 
0 0.412463 0.26123 0.422852 0.0380859 0.177734 
3 0.339263 0.117188 0.429199 0.0546875 0.0966797 
0 0.335254 0.807129 0.395508 0.0175781 0.0664062 
0 0.329966 0.23584 0.429199 0.0419922 0.19043 
3 0.289413 0.0820312 0.427734 0.115234 0.125 
