3 0.923471 0.516846 0.421387 0.0639648 0.0888672 
3 0.901289 0.820068 0.465332 0.162598 0.225586 
3 0.846893 0.615723 0.418457 0.0419922 0.0771484 
3 0.839138 0.738281 0.449219 0.0947266 0.162109 
3 0.786143 0.916992 0.513672 0.165039 0.337891 
3 0.652424 0.571777 0.401367 0.0351562 0.046875 
3 0.63813 0.640381 0.424316 0.0473633 0.0908203 
3 0.558703 0.605225 0.416016 0.0258789 0.0644531 
3 0.511416 0.675049 0.431641 0.0629883 0.117188 
3 0.363141 0.691895 0.432617 0.0742188 0.125 
3 0.30023 0.552246 0.399902 0.0273438 0.0380859 
