0 0.738919 0.455322 0.451172 0.0395508 0.193359 
0 0.720855 0.102051 0.444824 0.0507812 0.233398 
0 0.713314 0.363525 0.454102 0.0307617 0.173828 
0 0.676004 0.445068 0.44873 0.034668 0.194336 
0 0.670861 0.398193 0.450195 0.0336914 0.169922 
0 0.669876 0.601074 0.444824 0.0439453 0.186523 
0 0.63113 0.693848 0.426758 0.0361328 0.160156 
0 0.628406 0.272705 0.453613 0.0483398 0.217773 
0 0.554606 0.479492 0.449219 0.0400391 0.191406 
0 0.506678 0.0678711 0.445801 0.0439453 0.196289 
0 0.501721 0.305664 0.449219 0.0361328 0.185547 
0 0.484428 0.493652 0.446777 0.0302734 0.198242 
0 0.47745 0.288086 0.450684 0.0498047 0.21582 
0 0.458623 0.51416 0.445801 0.0322266 0.157227 
0 0.45246 0.553467 0.432129 0.0297852 0.166992 
0 0.451639 0.570068 0.431152 0.0307617 0.176758 
0 0.411081 0.225098 0.422363 0.0332031 0.192383 
0 0.401302 0.33667 0.448242 0.0336914 0.173828 
0 0.400815 0.57959 0.443848 0.0390625 0.170898 
0 0.398923 0.116455 0.423828 0.0327148 0.171875 
0 0.39306 0.351562 0.450195 0.0322266 0.166016 
0 0.390168 0.32373 0.450195 0.03125 0.169922 
0 0.38495 0.211914 0.427734 0.0351562 0.171875 
0 0.379901 0.0214844 0.446777 0.0439453 0.219727 
0 0.373351 0.17749 0.42041 0.0268555 0.133789 
0 0.370596 0.647217 0.447754 0.0415039 0.157227 
0 0.365106 0.617676 0.446289 0.0400391 0.167969 
0 0.363149 0.148438 0.419922 0.0361328 0.119141 
0 0.360608 0.244141 0.425293 0.0351562 0.18457 
0 0.349486 0.148926 0.391602 0.0283203 0.0917969 
0 0.349003 0.036377 0.428223 0.0336914 0.194336 
0 0.348541 0.167969 0.450195 0.0400391 0.177734 
0 0.338323 0.257568 0.446777 0.043457 0.227539 
0 0.325966 0.194824 0.394043 0.0234375 0.0771484 
0 0.304908 0.52002 0.433105 0.0283203 0.145508 
0 0.298729 0.179443 0.393555 0.0219727 0.0742188 
0 0.297982 0.147705 0.447266 0.0444336 0.1875 
0 0.275385 0.232666 0.446777 0.0385742 0.170898 
0 0.274453 0.0483398 0.431152 0.0400391 0.186523 
0 0.268487 0.58667 0.430664 0.0385742 0.207031 
0 0.258194 0.132324 0.422363 0.0322266 0.118164 
2 0.254366 0.638428 0.453613 0.0561523 0.15918 
