0 0.878085 0.727051 0.354004 0.0263672 0.0732422 
3 0.811487 0.508301 0.424805 0.0830078 0.0898438 
3 0.806147 0.0654297 0.470703 0.118164 0.181641 
3 0.706842 0.180176 0.44873 0.0537109 0.0849609 
3 0.700401 0.893311 0.493652 0.191895 0.381836 
3 0.623364 0.165527 0.453613 0.0546875 0.0830078 
3 0.560418 0.386719 0.410645 0.0224609 0.0380859 
3 0.560138 0.136719 0.456543 0.0576172 0.102539 
0 0.488856 0.803223 0.387695 0.0273438 0.0976562 
9 0.447033 0.664307 0.422852 0.065918 0.103516 
3 0.368334 0.273682 0.42041 0.0209961 0.0244141 
3 0.367685 0.193848 0.443359 0.0419922 0.0761719 
9 0.345135 0.771484 0.474121 0.0673828 0.18457 
3 0.337896 0.211426 0.442871 0.03125 0.0595703 
0 0.330568 0.775146 0.361328 0.0239258 0.0878906 
0 0.316867 0.740479 0.35498 0.0200195 0.0615234 
3 0.311093 0.12207 0.458984 0.0595703 0.113281 
3 0.302192 0.39502 0.398438 0.03125 0.0488281 
3 0.300044 0.211426 0.43457 0.0439453 0.0742188 
3 0.280241 0.303955 0.415527 0.0385742 0.0263672 
9 0.260348 0.787109 0.48291 0.0654297 0.166992 
