3 0.874121 0.388184 0.421875 0.0830078 0.119141 
3 0.777603 0.260986 0.398926 0.206543 0.374023 
3 0.763307 0.118896 0.534668 0.236816 0.342773 
3 0.72624 0.615967 0.41748 0.0375977 0.0732422 
0 0.485879 0.462646 0.412109 0.012207 0.0664062 
3 0.435143 0.581299 0.415039 0.043457 0.0566406 
3 0.369664 0.431885 0.41748 0.0385742 0.0634766 
3 0.343355 0.443359 0.416504 0.0419922 0.0595703 
3 0.33048 0.605225 0.418945 0.0219727 0.0664062 
0 0.321845 0.792969 0.424316 0.0253906 0.137695 
3 0.300757 0.538818 0.401855 0.0297852 0.0263672 
0 0.274679 0.75708 0.449707 0.0317383 0.165039 
0 0.251315 0.884521 0.422363 0.0297852 0.108398 
