3 0.821025 0.744629 0.474121 0.169922 0.231445 
3 0.774587 0.95874 0.656738 0.0825195 0.413086 
3 0.696784 0.868164 0.532715 0.260742 0.321289 
3 0.575376 0.644531 0.459473 0.0400391 0.0966797 
3 0.526038 0.636475 0.458984 0.0405273 0.109375 
0 0.508691 0.415527 0.430664 0.0351562 0.169922 
0 0.505609 0.454102 0.445801 0.03125 0.186523 
3 0.498264 0.223877 0.417969 0.0581055 0.0585938 
0 0.473001 0.817627 0.391602 0.0249023 0.0566406 
3 0.439618 0.61377 0.430664 0.0634766 0.0644531 
3 0.397363 0.615967 0.444824 0.0561523 0.0595703 
3 0.384253 0.67627 0.460449 0.0712891 0.176758 
3 0.332714 0.31958 0.419434 0.0825195 0.0673828 
3 0.306392 0.635498 0.458496 0.0336914 0.0751953 
3 0.285613 0.294922 0.428711 0.117188 0.101562 
0 0.277758 0.427246 0.430176 0.0273438 0.124023 
