3 0.917938 0.525635 0.419434 0.0795898 0.108398 
3 0.816908 0.0874023 0.449707 0.141602 0.170898 
3 0.705163 0.321045 0.416504 0.144043 0.0908203 
3 0.643619 0.43042 0.422852 0.0541992 0.0742188 
10 0.633145 0.695068 0.459961 0.0551758 0.132812 
0 0.623475 0.800781 0.411621 0.0322266 0.137695 
3 0.600709 0.0388184 0.46582 0.0854492 0.179688 
3 0.52381 0.0275879 0.480469 0.0561523 0.210938 
3 0.517993 0.453857 0.41748 0.081543 0.0712891 
9 0.451992 0.695068 0.459961 0.0561523 0.117188 
10 0.419178 0.695557 0.455078 0.0854492 0.146484 
0 0.418736 0.273438 0.384277 0.0205078 0.0654297 
3 0.402564 0.473877 0.425293 0.0541992 0.0712891 
3 0.353362 0.370117 0.395508 0.0556641 0.0507812 
10 0.350897 0.685791 0.453125 0.0571289 0.101562 
3 0.325113 0.382324 0.39502 0.0380859 0.0458984 
10 0.274523 0.708496 0.45459 0.0527344 0.135742 
