3 0.810187 0.428711 0.425781 0.0517578 0.0820312 
3 0.764654 0.50708 0.414062 0.0219727 0.0410156 
3 0.648682 0.49292 0.416992 0.0258789 0.0527344 
3 0.593942 0.598145 0.416992 0.0556641 0.078125 
3 0.529466 0.44458 0.424316 0.043457 0.0732422 
3 0.510596 0.506836 0.412598 0.03125 0.0517578 
3 0.488288 0.476074 0.419434 0.0341797 0.0615234 
3 0.399229 0.52124 0.411621 0.0209961 0.0361328 
3 0.345948 0.460938 0.422852 0.0341797 0.0644531 
3 0.312577 0.618652 0.415527 0.0234375 0.0576172 
3 0.266102 0.619873 0.397949 0.0239258 0.0537109 
