3 0.864076 0.483398 0.44873 0.111328 0.161133 
0 0.678707 0.554688 0.393066 0.0126953 0.0419922 
0 0.616559 0.701416 0.446777 0.0415039 0.217773 
3 0.569984 0.377686 0.395996 0.0307617 0.0576172 
9 0.530914 0.273682 0.424805 0.043457 0.0683594 
0 0.511953 0.569336 0.397949 0.0117188 0.0478516 
0 0.509692 0.649902 0.419922 0.0244141 0.109375 
0 0.496506 0.666992 0.419434 0.0273438 0.124023 
0 0.476031 0.676025 0.422363 0.0297852 0.145508 
9 0.329757 0.264893 0.425781 0.059082 0.0878906 
9 0.327677 0.0446777 0.463379 0.090332 0.145508 
0 0.309131 0.338135 0.397949 0.012207 0.0439453 
0 0.29209 0.62915 0.413086 0.0268555 0.121094 
10 0.2855 0.287354 0.419922 0.0522461 0.0703125 
0 0.273509 0.54126 0.395508 0.0131836 0.0449219 
9 0.259549 0.243164 0.427734 0.0380859 0.0761719 
9 0.259277 0.110596 0.447266 0.103027 0.126953 
