3 0.898873 0.895996 0.526367 0.209961 0.341797 
3 0.819459 0.0922852 0.453125 0.162109 0.171875 
3 0.813838 0.637695 0.425293 0.0488281 0.0986328 
0 0.807145 0.738037 0.424316 0.034668 0.180664 
3 0.80223 0.335938 0.41748 0.0664062 0.0751953 
3 0.787597 0.0561523 0.471191 0.115234 0.198242 
3 0.763165 0.178711 0.431152 0.0839844 0.12793 
3 0.745215 0.414551 0.402344 0.0478516 0.0625 
3 0.731673 0.682129 0.430176 0.0751953 0.129883 
3 0.720372 0.235107 0.429199 0.106934 0.129883 
3 0.621232 0.507324 0.401367 0.0302734 0.0351562 
3 0.612683 0.494141 0.401367 0.0224609 0.0332031 
3 0.605571 0.204102 0.421387 0.110352 0.12793 
3 0.578616 0.615234 0.412598 0.0332031 0.0693359 
3 0.557176 0.262451 0.42041 0.0864258 0.104492 
3 0.533976 0.35376 0.406738 0.0717773 0.0771484 
0 0.529187 0.777588 0.416504 0.0239258 0.141602 
3 0.506156 0.604004 0.410156 0.0244141 0.0585938 
3 0.490691 0.459473 0.402832 0.0195312 0.0341797 
3 0.479048 0.428223 0.408203 0.0234375 0.0429688 
0 0.464374 0.777588 0.39209 0.0288086 0.0908203 
3 0.452709 0.427734 0.402832 0.0351562 0.0537109 
3 0.419986 0.35083 0.415527 0.0493164 0.0673828 
3 0.419169 0.520264 0.399414 0.0219727 0.0390625 
3 0.362996 0.603027 0.400879 0.0341797 0.0654297 
8 0.355436 0.805908 0.447266 0.059082 0.107422 
3 0.346051 0.476074 0.400391 0.0166016 0.0332031 
3 0.328277 0.295654 0.415527 0.0698242 0.0908203 
3 0.318429 0.446533 0.40332 0.0219727 0.0351562 
3 0.299429 0.400391 0.402344 0.0517578 0.0664062 
0 0.28863 0.805908 0.394531 0.0327148 0.136719 
3 0.268101 0.388916 0.393066 0.065918 0.0654297 
