0 0.757409 0.848145 0.406738 0.03125 0.157227 
3 0.538592 0.914795 0.414551 0.0952148 0.0732422 
0 0.441891 0.736816 0.403809 0.0224609 0.0927734 
0 0.4181 0.816162 0.414551 0.0219727 0.141602 
10 0.385034 0.67334 0.439453 0.0761719 0.0742188 
3 0.360024 0.473633 0.428711 0.0234375 0.0371094 
0 0.327862 0.597656 0.419434 0.0195312 0.0556641 
3 0.316104 0.680176 0.424316 0.0615234 0.0849609 
0 0.310586 0.758057 0.413086 0.0180664 0.0644531 
0 0.309807 0.817383 0.410645 0.0351562 0.147461 
9 0.300716 0.676758 0.442383 0.0595703 0.0703125 
3 0.290455 0.690918 0.419434 0.0458984 0.0654297 
3 0.252783 0.520752 0.417969 0.0249023 0.0410156 
