3 0.88297 0.804688 0.419922 0.09375 0.103516 
3 0.858941 0.54541 0.453613 0.136719 0.219727 
3 0.823055 0.896973 0.509766 0.21582 0.318359 
3 0.816405 0.396729 0.420898 0.0288086 0.0527344 
0 0.707509 0.27832 0.402832 0.0175781 0.0673828 
0 0.691894 0.757812 0.401367 0.0214844 0.0839844 
3 0.662022 0.318604 0.431641 0.0727539 0.0820312 
3 0.561066 0.693848 0.368164 0.135742 0.314453 
3 0.552771 0.4729 0.399414 0.0288086 0.0488281 
3 0.550595 0.41626 0.415039 0.0219727 0.046875 
0 0.538653 0.75415 0.410156 0.0258789 0.105469 
3 0.536885 0.367676 0.42041 0.0400391 0.0615234 
0 0.504371 0.247314 0.417969 0.0268555 0.0898438 
0 0.443491 0.276611 0.413574 0.0180664 0.108398 
3 0.351029 0.426758 0.412109 0.0195312 0.0429688 
3 0.34173 0.351807 0.42334 0.0483398 0.0751953 
0 0.324221 0.246582 0.401367 0.0166016 0.0566406 
3 0.322526 0.617188 0.422852 0.0517578 0.107422 
9 0.284454 0.209473 0.446777 0.046875 0.0830078 
3 0.28051 0.384766 0.420898 0.0302734 0.0488281 
3 0.264654 0.473877 0.411133 0.0229492 0.046875 
