3 0.805646 0.389648 0.431641 0.0947266 0.146484 
2 0.787501 0.422363 0.415039 0.0410156 0.197266 
0 0.68535 0.825439 0.444824 0.0639648 0.325195 
2 0.678618 0.430664 0.42041 0.0361328 0.172852 
0 0.651294 0.926758 0.430664 0.0478516 0.242188 
0 0.604068 0.29834 0.427734 0.0478516 0.167969 
9 0.538705 0.213135 0.491699 0.0922852 0.151367 
3 0.522812 0.320801 0.430176 0.0664062 0.112305 
3 0.489427 0.0656738 0.511719 0.144043 0.417969 
0 0.4034 0.619385 0.414062 0.0219727 0.0996094 
9 0.395589 0.428223 0.458008 0.0351562 0.128906 
2 0.384269 0.5354 0.414551 0.0180664 0.0654297 
0 0.380077 0.647461 0.416016 0.0205078 0.101562 
0 0.318229 0.63208 0.416504 0.0219727 0.100586 
2 0.297315 0.528809 0.413086 0.0166016 0.0683594 
2 0.283308 0.462158 0.42041 0.0288086 0.129883 
9 0.274576 0.470947 0.456543 0.0229492 0.0947266 
0 0.254082 0.600342 0.416016 0.0258789 0.0898438 
0 0.251353 0.739014 0.415039 0.0219727 0.107422 
