0 0.907591 0.578613 0.462891 0.0527344 0.25 
0 0.899997 0.794434 0.456543 0.078125 0.420898 
0 0.857497 0.400879 0.422852 0.0224609 0.0859375 
0 0.853772 0.67627 0.457031 0.0576172 0.298828 
0 0.798955 0.88501 0.418457 0.0874023 0.53418 
0 0.761634 0.640869 0.457031 0.0532227 0.28125 
0 0.687112 0.380615 0.42041 0.0180664 0.0810547 
0 0.668848 0.867188 0.45752 0.0810547 0.415039 
0 0.660832 0.732178 0.426758 0.0522461 0.279297 
0 0.630701 0.465576 0.416016 0.0151367 0.0664062 
0 0.451153 0.662598 0.454102 0.0537109 0.269531 
0 0.432207 0.37207 0.417969 0.0185547 0.0800781 
0 0.375872 0.889893 0.412598 0.0688477 0.397461 
0 0.356353 0.908447 0.414062 0.0493164 0.314453 
0 0.352008 0.693604 0.449707 0.0571289 0.24707 
0 0.296858 0.472656 0.41748 0.015625 0.0556641 
0 0.294948 0.536621 0.419434 0.0175781 0.0791016 
