3 0.875836 0.324219 0.453125 0.174805 0.28125 
3 0.871257 0.558105 0.420898 0.09375 0.169922 
3 0.866678 0.955078 0.561523 0.0888672 0.378906 
3 0.855541 0.0686035 0.463379 0.124512 0.276367 
3 0.778182 0.759521 0.442871 0.108887 0.157227 
3 0.673972 0.619141 0.418945 0.03125 0.0527344 
3 0.671381 0.904541 0.42041 0.119629 0.0947266 
3 0.634015 0.672607 0.428711 0.0600586 0.0996094 
3 0.617581 0.410645 0.421875 0.0371094 0.0625 
3 0.598723 0.15332 0.45459 0.123047 0.161133 
3 0.582171 0.699707 0.433594 0.0683594 0.125 
3 0.56109 0.431885 0.416992 0.0268555 0.0566406 
3 0.560305 0.443604 0.412109 0.0249023 0.0488281 
3 0.547866 0.461182 0.410645 0.019043 0.0439453 
3 0.48536 0.215576 0.447266 0.0610352 0.113281 
3 0.381962 0.47583 0.401855 0.0200195 0.0439453 
3 0.34709 0.222656 0.431641 0.0839844 0.107422 
3 0.330788 0.964355 0.425781 0.0556641 0.0800781 
3 0.280344 0.961914 0.42334 0.0732422 0.118164 
3 0.272175 0.32251 0.300293 0.0981445 0.0712891 
3 0.266427 0.9104 0.400879 0.104004 0.0830078 
3 0.250895 0.462158 0.402832 0.0268555 0.0478516 
