3 0.872557 0.517578 0.449219 0.12207 0.199219 
0 0.667258 0.859131 0.366211 0.0288086 0.140625 
0 0.617439 0.824463 0.359863 0.0249023 0.12207 
2 0.458174 0.644531 0.391113 0.0224609 0.135742 
2 0.434177 0.968506 0.433105 0.0629883 0.508789 
0 0.363417 0.61377 0.393555 0.0205078 0.115234 
2 0.361445 0.634033 0.395996 0.0200195 0.118164 
0 0.311486 0.584229 0.39209 0.019043 0.0556641 
9 0.278883 0.647217 0.444336 0.0170898 0.0742188 
2 0.276788 0.644775 0.421387 0.0229492 0.118164 
9 0.250922 0.635254 0.41748 0.0292969 0.100586 
