3 0.853059 0.385254 0.389648 0.106445 0.0820312 
3 0.777153 0.834473 0.423828 0.110352 0.0703125 
0 0.745972 0.539307 0.418945 0.0375977 0.115234 
3 0.569383 0.753418 0.422852 0.125 0.078125 
10 0.485379 0.0383301 0.414062 0.0512695 0.111328 
0 0.445069 0.914307 0.411621 0.019043 0.0810547 
3 0.403687 0.630615 0.397461 0.0209961 0.0273438 
3 0.397002 0.620361 0.396484 0.0219727 0.0292969 
3 0.396624 0.0432129 0.401367 0.0795898 0.105469 
2 0.392996 0.689941 0.399902 0.0195312 0.0673828 
2 0.325911 0.685791 0.398926 0.0131836 0.0673828 
9 0.302159 0.977539 0.452637 0.0234375 0.0634766 
3 0.853059 0.385254 0.389648 0.106445 0.0820312 
3 0.777153 0.834473 0.423828 0.110352 0.0703125 
0 0.745972 0.539307 0.418945 0.0375977 0.115234 
3 0.569383 0.753418 0.422852 0.125 0.078125 
10 0.485379 0.0383301 0.414062 0.0512695 0.111328 
0 0.445069 0.914307 0.411621 0.019043 0.0810547 
3 0.403687 0.630615 0.397461 0.0209961 0.0273438 
3 0.397002 0.620361 0.396484 0.0219727 0.0292969 
3 0.396624 0.0432129 0.401367 0.0795898 0.105469 
2 0.392996 0.689941 0.399902 0.0195312 0.0673828 
2 0.325911 0.685791 0.398926 0.0131836 0.0673828 
9 0.302159 0.977539 0.452637 0.0234375 0.0634766 
3 0.853059 0.385254 0.389648 0.106445 0.0820312 
3 0.777153 0.834473 0.423828 0.110352 0.0703125 
0 0.745972 0.539307 0.418945 0.0375977 0.115234 
3 0.569383 0.753418 0.422852 0.125 0.078125 
10 0.485379 0.0383301 0.414062 0.0512695 0.111328 
0 0.445069 0.914307 0.411621 0.019043 0.0810547 
3 0.403687 0.630615 0.397461 0.0209961 0.0273438 
3 0.397002 0.620361 0.396484 0.0219727 0.0292969 
3 0.396624 0.0432129 0.401367 0.0795898 0.105469 
2 0.392996 0.689941 0.399902 0.0195312 0.0673828 
2 0.325911 0.685791 0.398926 0.0131836 0.0673828 
9 0.302159 0.977539 0.452637 0.0234375 0.0634766 
