0 0.788655 0.253906 0.407227 0.0390625 0.177734 
0 0.751116 0.925537 0.413086 0.0385742 0.189453 
9 0.732271 0.598877 0.452637 0.0317383 0.110352 
2 0.612322 0.600342 0.40918 0.0454102 0.177734 
0 0.588838 0.289795 0.391113 0.0327148 0.165039 
0 0.584991 0.402588 0.396484 0.0366211 0.152344 
2 0.577055 0.335938 0.361816 0.0410156 0.15918 
9 0.540946 0.709717 0.416016 0.0463867 0.0976562 
0 0.540289 0.820312 0.415527 0.03125 0.125977 
9 0.519774 0.0666504 0.449219 0.0571289 0.121094 
5 0.486648 0.526367 0.368652 0.0976562 0.174805 
0 0.463666 0.329834 0.359863 0.0415039 0.172852 
2 0.447304 0.321045 0.384277 0.0405273 0.188477 
9 0.408467 0.725098 0.417969 0.0742188 0.111328 
9 0.380285 0.647949 0.39209 0.0205078 0.0712891 
9 0.309848 0.697266 0.413574 0.0400391 0.106445 
10 0.299952 0.735352 0.421875 0.101562 0.111328 
5 0.260513 0.525391 0.370605 0.139648 0.141602 
