3 0.871226 0.298828 0.44873 0.0751953 0.0947266 
0 0.77097 0.801025 0.424316 0.0297852 0.147461 
3 0.747718 0.616943 0.440918 0.0493164 0.0712891 
3 0.713692 0.251465 0.445312 0.0458984 0.0605469 
3 0.695393 0.162842 0.455078 0.0678711 0.0820312 
0 0.66913 0.509033 0.426758 0.0151367 0.0566406 
3 0.661031 0.207031 0.445801 0.0507812 0.0615234 
3 0.62937 0.601807 0.429688 0.043457 0.0703125 
3 0.587868 0.376953 0.438965 0.046875 0.0517578 
0 0.58718 0.774658 0.421387 0.0307617 0.166992 
3 0.579312 0.336182 0.434082 0.0297852 0.0439453 
0 0.510559 0.915771 0.453613 0.0483398 0.258789 
3 0.478633 0.570557 0.417969 0.019043 0.0371094 
0 0.459804 0.959717 0.467773 0.0395508 0.166016 
0 0.448776 0.8396 0.419434 0.0395508 0.208008 
3 0.358878 0.539795 0.41748 0.0268555 0.0458984 
9 0.331676 0.802002 0.445312 0.0336914 0.117188 
0 0.317067 0.52002 0.421875 0.0166016 0.046875 
10 0.305348 0.133057 0.458496 0.0786133 0.0810547 
0 0.287289 0.845947 0.423828 0.0375977 0.166016 
0 0.28704 0.776611 0.396484 0.0249023 0.140625 
9 0.271821 0.837646 0.445801 0.0532227 0.137695 
9 0.270978 0.102051 0.459473 0.0742188 0.0751953 
