3 0.882991 0.55127 0.459961 0.0351562 0.0585938 
0 0.873266 0.214111 0.455566 0.0239258 0.118164 
3 0.836733 0.4729 0.459473 0.0405273 0.0615234 
3 0.744557 0.30127 0.46875 0.0615234 0.0664062 
3 0.712885 0.348145 0.460449 0.0439453 0.0595703 
0 0.596808 0.755127 0.454102 0.0209961 0.126953 
0 0.567305 0.741455 0.45459 0.0219727 0.118164 
3 0.564343 0.380127 0.459961 0.0288086 0.0371094 
8 0.526724 0.424561 0.48291 0.0268555 0.0712891 
3 0.435483 0.369629 0.459961 0.0263672 0.0429688 
0 0.38047 0.986816 0.446777 0.0273438 0.227539 
3 0.341076 0.493408 0.453613 0.0209961 0.0419922 
0 0.338828 0.730713 0.45459 0.027832 0.12793 
2 0.338143 0.42749 0.462891 0.0219727 0.0917969 
0 0.329051 0.648438 0.459473 0.0292969 0.145508 
3 0.274873 0.507568 0.453125 0.027832 0.0429688 
