0 0.88679 0.575439 0.416504 0.019043 0.0986328 
0 0.867863 0.602783 0.416016 0.0170898 0.0898438 
3 0.816853 0.534668 0.429688 0.0810547 0.121094 
0 0.777624 0.58374 0.416504 0.0151367 0.0830078 
3 0.771703 0.736084 0.429199 0.254395 0.249023 
0 0.469068 0.583008 0.414062 0.0205078 0.101562 
0 0.316636 0.611572 0.416504 0.0141602 0.0791016 
0 0.88679 0.575439 0.416504 0.019043 0.0986328 
0 0.867863 0.602783 0.416016 0.0170898 0.0898438 
3 0.816853 0.534668 0.429688 0.0810547 0.121094 
0 0.777624 0.58374 0.416504 0.0151367 0.0830078 
3 0.771703 0.736084 0.429199 0.254395 0.249023 
0 0.469068 0.583008 0.414062 0.0205078 0.101562 
0 0.316636 0.611572 0.416504 0.0141602 0.0791016 
0 0.88679 0.575439 0.416504 0.019043 0.0986328 
0 0.867863 0.602783 0.416016 0.0170898 0.0898438 
3 0.816853 0.534668 0.429688 0.0810547 0.121094 
0 0.777624 0.58374 0.416504 0.0151367 0.0830078 
3 0.771703 0.736084 0.429199 0.254395 0.249023 
0 0.469068 0.583008 0.414062 0.0205078 0.101562 
0 0.316636 0.611572 0.416504 0.0141602 0.0791016 
