3 0.89425 0.337646 0.419922 0.0776367 0.109375 
3 0.885627 0.111816 0.573242 0.222656 0.580078 
3 0.879838 0.459961 0.411133 0.0722656 0.107422 
0 0.848539 0.663574 0.413574 0.0380859 0.239258 
0 0.670594 0.522705 0.415039 0.0170898 0.0820312 
3 0.642647 0.2146 0.401855 0.0268555 0.0341797 
0 0.634251 0.735352 0.422363 0.0429688 0.208008 
0 0.618836 0.95166 0.532227 0.0859375 0.503906 
0 0.611133 0.758057 0.415039 0.0307617 0.146484 
3 0.606494 0.191406 0.414551 0.0341797 0.0439453 
0 0.578408 0.631592 0.425293 0.0229492 0.12207 
0 0.57747 0.61792 0.42334 0.0327148 0.15918 
0 0.568476 0.882568 0.417969 0.050293 0.199219 
0 0.565741 0.913818 0.424805 0.027832 0.115234 
0 0.525038 0.743652 0.419434 0.0390625 0.174805 
0 0.521613 0.713867 0.41748 0.03125 0.188477 
0 0.511033 0.585938 0.406738 0.03125 0.155273 
3 0.461076 0.22168 0.404297 0.0234375 0.03125 
0 0.404798 0.883789 0.393066 0.0410156 0.131836 
9 0.40161 0.742432 0.526367 0.0932617 0.183594 
0 0.364375 0.723877 0.421387 0.0366211 0.194336 
3 0.337613 0.179688 0.417969 0.0517578 0.0761719 
0 0.333657 0.174316 0.390137 0.0185547 0.0634766 
3 0.332177 0.214355 0.407715 0.0205078 0.0283203 
0 0.322324 0.953125 0.483887 0.0585938 0.405273 
9 0.303417 0.780762 0.519531 0.140625 0.253906 
0 0.302367 0.411621 0.398926 0.015625 0.0615234 
8 0.298927 0.882324 0.516113 0.19043 0.321289 
0 0.270584 0.929688 0.424805 0.0371094 0.101562 
3 0.263345 0.244629 0.40918 0.0214844 0.0253906 
3 0.89425 0.337646 0.419922 0.0776367 0.109375 
3 0.885627 0.111816 0.573242 0.222656 0.580078 
3 0.879838 0.459961 0.411133 0.0722656 0.107422 
0 0.848539 0.663574 0.413574 0.0380859 0.239258 
0 0.670594 0.522705 0.415039 0.0170898 0.0820312 
3 0.642647 0.2146 0.401855 0.0268555 0.0341797 
0 0.634251 0.735352 0.422363 0.0429688 0.208008 
0 0.618836 0.95166 0.532227 0.0859375 0.503906 
0 0.611133 0.758057 0.415039 0.0307617 0.146484 
3 0.606494 0.191406 0.414551 0.0341797 0.0439453 
0 0.578408 0.631592 0.425293 0.0229492 0.12207 
0 0.57747 0.61792 0.42334 0.0327148 0.15918 
0 0.568476 0.882568 0.417969 0.050293 0.199219 
0 0.565741 0.913818 0.424805 0.027832 0.115234 
0 0.525038 0.743652 0.419434 0.0390625 0.174805 
0 0.521613 0.713867 0.41748 0.03125 0.188477 
0 0.511033 0.585938 0.406738 0.03125 0.155273 
3 0.461076 0.22168 0.404297 0.0234375 0.03125 
0 0.404798 0.883789 0.393066 0.0410156 0.131836 
9 0.40161 0.742432 0.526367 0.0932617 0.183594 
0 0.364375 0.723877 0.421387 0.0366211 0.194336 
3 0.337613 0.179688 0.417969 0.0517578 0.0761719 
0 0.333657 0.174316 0.390137 0.0185547 0.0634766 
3 0.332177 0.214355 0.407715 0.0205078 0.0283203 
0 0.322324 0.953125 0.483887 0.0585938 0.405273 
9 0.303417 0.780762 0.519531 0.140625 0.253906 
0 0.302367 0.411621 0.398926 0.015625 0.0615234 
8 0.298927 0.882324 0.516113 0.19043 0.321289 
0 0.270584 0.929688 0.424805 0.0371094 0.101562 
3 0.263345 0.244629 0.40918 0.0214844 0.0253906 
