3 0.894766 0.475098 0.483398 0.09375 0.146484 
3 0.662878 0.567139 0.449707 0.0883789 0.0791016 
2 0.462577 0.9021 0.473633 0.0581055 0.236328 
3 0.39818 0.243164 0.459473 0.0458984 0.0517578 
3 0.3805 0.227783 0.458496 0.0395508 0.0478516 
9 0.364576 0.91333 0.540527 0.0571289 0.145508 
2 0.268637 0.910889 0.454102 0.0512695 0.164062 
3 0.894766 0.475098 0.483398 0.09375 0.146484 
3 0.662878 0.567139 0.449707 0.0883789 0.0791016 
2 0.462577 0.9021 0.473633 0.0581055 0.236328 
3 0.39818 0.243164 0.459473 0.0458984 0.0517578 
3 0.3805 0.227783 0.458496 0.0395508 0.0478516 
9 0.364576 0.91333 0.540527 0.0571289 0.145508 
2 0.268637 0.910889 0.454102 0.0512695 0.164062 
