0 0.818692 0.170654 0.42334 0.0454102 0.202148 
0 0.806465 0.88623 0.412109 0.0507812 0.261719 
0 0.791372 0.450195 0.42627 0.0732422 0.366211 
9 0.774322 0.828613 0.452637 0.0830078 0.112305 
0 0.773928 0.572754 0.427246 0.0791016 0.262695 
0 0.762093 0.787354 0.395996 0.027832 0.12793 
0 0.712341 0.731934 0.402832 0.0390625 0.168945 
0 0.656875 0.803467 0.38623 0.0200195 0.110352 
0 0.641631 0.306396 0.449707 0.0668945 0.356445 
0 0.619363 0.525391 0.414551 0.0566406 0.311523 
0 0.536501 0.909668 0.405273 0.0380859 0.234375 
0 0.450148 0.820068 0.387695 0.0239258 0.111328 
2 0.433884 0.633789 0.404785 0.0419922 0.198242 
0 0.425479 0.538086 0.416016 0.0576172 0.287109 
0 0.411586 0.774658 0.395508 0.0249023 0.128906 
0 0.407515 0.555664 0.419922 0.078125 0.308594 
0 0.392036 0.755859 0.395996 0.0253906 0.0986328 
0 0.34984 0.81958 0.369141 0.0209961 0.0722656 
0 0.321465 0.0126953 0.418945 0.0302734 0.210938 
0 0.295859 0.525879 0.390137 0.0419922 0.202148 
0 0.266204 0.773438 0.405762 0.0371094 0.149414 
0 0.258475 0.537842 0.39502 0.0473633 0.204102 
