3 0.8141 0.858643 0.515137 0.281738 0.395508 
3 0.797231 0.68042 0.46582 0.138184 0.195312 
3 0.769371 0.599609 0.446289 0.0488281 0.103516 
3 0.756182 0.611084 0.45459 0.0610352 0.125977 
3 0.734656 0.705811 0.483398 0.130371 0.238281 
3 0.733145 0.141602 0.334961 0.225586 0.300781 
3 0.500898 0.585693 0.434082 0.0522461 0.0927734 
3 0.484076 0.928467 0.610352 0.111816 0.40625 
0 0.404528 0.304443 0.393555 0.027832 0.0996094 
0 0.391676 0.338135 0.458984 0.0483398 0.222656 
0 0.365682 0.306152 0.420898 0.0263672 0.130859 
3 0.35328 0.569824 0.44043 0.0361328 0.0800781 
0 0.306368 0.289795 0.39502 0.0268555 0.104492 
3 0.30367 0.459229 0.429199 0.019043 0.0244141 
3 0.302884 0.552734 0.427734 0.0263672 0.0507812 
0 0.258643 0.26001 0.391113 0.0229492 0.0966797 
3 0.256243 0.588135 0.441406 0.0336914 0.078125 
