0 0.843343 0.705078 0.458008 0.0566406 0.316406 
0 0.75697 0.35083 0.429688 0.0219727 0.0605469 
0 0.668387 0.604004 0.445801 0.0361328 0.143555 
0 0.582113 0.36499 0.426758 0.019043 0.0566406 
0 0.548039 0.524414 0.441406 0.0292969 0.134766 
0 0.483028 0.758789 0.416504 0.0263672 0.0927734 
9 0.440282 0.758545 0.455566 0.043457 0.100586 
0 0.36918 0.383545 0.42041 0.0170898 0.0771484 
0 0.359196 0.992188 0.395508 0.0185547 0.126953 
0 0.320569 0.986328 0.410645 0.0283203 0.151367 
3 0.306322 0.241943 0.451172 0.0922852 0.0742188 
8 0.28388 0.335449 0.508789 0.0703125 0.111328 
0 0.274838 0.33667 0.431641 0.019043 0.0585938 
0 0.27063 0.324951 0.453125 0.0209961 0.0976562 
3 0.262009 0.0163574 0.453125 0.0366211 0.111328 
