3 0.891128 0.595459 0.419922 0.0375977 0.0878906 
3 0.687166 0.638184 0.429688 0.0849609 0.113281 
3 0.665037 0.480957 0.402832 0.0283203 0.0595703 
3 0.637493 0.334717 0.416504 0.0375977 0.0439453 
3 0.637079 0.539551 0.39209 0.0234375 0.0361328 
3 0.633687 0.457275 0.413574 0.0483398 0.0771484 
3 0.621712 0.489746 0.399414 0.0244141 0.0449219 
0 0.59382 0.21582 0.41748 0.0214844 0.0908203 
8 0.510707 0.882568 0.410156 0.050293 0.0878906 
9 0.440826 0.118652 0.464355 0.0537109 0.0830078 
3 0.422351 0.418213 0.401855 0.0239258 0.0322266 
8 0.398176 0.665283 0.443848 0.0717773 0.0986328 
10 0.391778 0.303467 0.423828 0.0454102 0.046875 
3 0.369264 0.507324 0.391602 0.0214844 0.0351562 
9 0.365537 0.135742 0.45459 0.0732422 0.0888672 
0 0.35408 0.825439 0.391602 0.0385742 0.179688 
3 0.309591 0.608643 0.421875 0.0512695 0.0957031 
9 0.30072 0.14917 0.446777 0.0561523 0.0732422 
