3 0.895596 0.162842 0.465332 0.111816 0.141602 
3 0.871087 0.836426 0.489258 0.212891 0.296875 
3 0.870451 0.712646 0.463379 0.111816 0.151367 
3 0.809049 0.615479 0.424316 0.059082 0.102539 
3 0.792344 0.059082 0.415039 0.121094 0.371094 
0 0.786331 0.758789 0.386719 0.0234375 0.0800781 
3 0.702558 0.301758 0.416992 0.0830078 0.115234 
3 0.667771 0.939941 0.54541 0.12207 0.418945 
0 0.62677 0.722656 0.378906 0.0175781 0.046875 
0 0.603729 0.9646 0.354004 0.0268555 0.0869141 
0 0.599943 0.712646 0.378906 0.019043 0.046875 
3 0.557684 0.240967 0.446289 0.0795898 0.101562 
3 0.535711 0.661377 0.442871 0.0795898 0.110352 
3 0.523607 0.601074 0.416504 0.0371094 0.0810547 
3 0.45616 0.584717 0.412598 0.0297852 0.0634766 
3 0.433345 0.572998 0.413574 0.019043 0.0458984 
3 0.428245 0.320557 0.401855 0.0834961 0.114258 
3 0.420782 0.384766 0.410645 0.0419922 0.0576172 
0 0.39375 0.696045 0.380371 0.0209961 0.0517578 
0 0.378764 0.913086 0.350586 0.0439453 0.146484 
0 0.364282 0.87793 0.330566 0.0371094 0.116211 
0 0.34684 0.89502 0.331543 0.0429688 0.129883 
0 0.336587 0.745361 0.384766 0.0180664 0.0546875 
0 0.296589 0.773193 0.368164 0.0239258 0.0800781 
3 0.294058 0.645508 0.442383 0.0644531 0.121094 
