0 0.755686 0.243408 0.455078 0.0395508 0.208984 
9 0.738802 0.948242 0.478516 0.112305 0.169922 
0 0.706521 0.283936 0.458984 0.0385742 0.205078 
2 0.671002 0.95459 0.415527 0.0595703 0.233398 
3 0.660449 0.880127 0.447266 0.123535 0.146484 
0 0.528992 0.275879 0.453613 0.046875 0.241211 
0 0.464235 0.464844 0.445312 0.0488281 0.197266 
0 0.439558 0.384766 0.431152 0.0361328 0.180664 
0 0.430622 0.496826 0.429688 0.0405273 0.179688 
0 0.37347 0.481689 0.444336 0.0473633 0.197266 
0 0.313516 0.713379 0.428711 0.0273438 0.111328 
0 0.278798 0.255615 0.452637 0.0405273 0.219727 
2 0.264376 0.972168 0.422363 0.0517578 0.208008 
