3 0.912186 0.693115 0.396484 0.0268555 0.0488281 
3 0.783562 0.149414 0.441406 0.265625 0.787109 
3 0.772282 0.963135 0.421875 0.0737305 0.171875 
0 0.733564 0.878906 0.394043 0.0136719 0.0615234 
3 0.702426 0.617676 0.392578 0.0283203 0.0273438 
0 0.550794 0.9021 0.391602 0.0141602 0.0683594 
3 0.48021 0.305176 0.40332 0.0449219 0.0390625 
0 0.422107 0.908447 0.390137 0.012207 0.0576172 
3 0.363 0.630859 0.389648 0.0244141 0.0253906 
3 0.359087 0.746338 0.400391 0.0239258 0.0332031 
3 0.287966 0.75293 0.397949 0.0341797 0.0380859 
0 0.261986 0.443115 0.394043 0.0131836 0.0380859 
0 0.255213 0.868896 0.396973 0.0180664 0.0576172 
3 0.254769 0.960693 0.439453 0.0727539 0.107422 
