9 0.819279 0.427246 0.486328 0.0322266 0.0761719 
3 0.792351 0.852295 0.584961 0.282715 0.683594 
3 0.75376 0.525146 0.495605 0.158691 0.151367 
3 0.561863 0.289551 0.458984 0.0205078 0.0234375 
0 0.500763 0.370361 0.460449 0.0161133 0.0830078 
3 0.44066 0.338867 0.458984 0.0292969 0.0449219 
9 0.432677 0.352783 0.479492 0.0239258 0.0527344 
2 0.306904 0.425781 0.458496 0.0253906 0.0947266 
2 0.304799 0.939209 0.270996 0.0180664 0.0439453 
6 0.29822 0.0773926 0.487305 0.121582 0.474609 
0 0.293122 0.378906 0.459473 0.0136719 0.0693359 
2 0.259557 0.350098 0.458496 0.0224609 0.0576172 
3 0.253043 0.272705 0.456543 0.0200195 0.0224609 
