0 0.928591 0.695801 0.473145 0.0664062 0.344727 
3 0.856201 0.827637 0.416992 0.155273 0.130859 
0 0.839126 0.137207 0.455078 0.0566406 0.400391 
3 0.838593 0.629883 0.408203 0.0800781 0.103516 
0 0.803276 0.334229 0.47998 0.0805664 0.436523 
0 0.778622 0.0483398 0.456543 0.0693359 0.31543 
0 0.734732 0.24292 0.439453 0.074707 0.400391 
0 0.695849 0.400879 0.392578 0.0224609 0.101562 
0 0.666203 0.0761719 0.452148 0.0644531 0.292969 
0 0.624753 0.762451 0.512207 0.0512695 0.21582 
0 0.592973 0.358887 0.485352 0.0859375 0.4375 
0 0.484719 0.516357 0.482422 0.134277 0.548828 
0 0.33598 0.927246 0.383301 0.0195312 0.0927734 
0 0.326748 0.478271 0.466797 0.131348 0.537109 
0 0.32303 0.11084 0.452148 0.0556641 0.291016 
2 0.322665 0.916748 0.382812 0.0200195 0.105469 
0 0.30148 0.088623 0.438965 0.0854492 0.368164 
0 0.283521 0.409668 0.393066 0.0292969 0.120117 
