0 0.900359 0.883057 0.476562 0.0786133 0.353516 
0 0.89137 0.822754 0.474609 0.09375 0.367188 
0 0.847379 0.524902 0.454102 0.0429688 0.21875 
0 0.83814 0.489258 0.450684 0.0458984 0.231445 
0 0.608896 0.70752 0.469238 0.0634766 0.258789 
0 0.598668 0.976562 0.480957 0.0449219 0.325195 
0 0.58131 0.805664 0.470215 0.0878906 0.452148 
0 0.568229 0.128662 0.449707 0.0444336 0.22168 
9 0.403138 0.674561 0.525879 0.0581055 0.114258 
2 0.28914 0.682129 0.455078 0.0488281 0.191406 
0 0.288283 0.724365 0.482422 0.0610352 0.242188 
2 0.261366 0.710449 0.454102 0.0615234 0.224609 
0 0.258181 0.507568 0.449707 0.050293 0.233398 
