3 0.912762 0.30249 0.453613 0.125488 0.176758 
3 0.818989 0.170654 0.484863 0.227051 0.286133 
3 0.76999 0.462891 0.360352 0.196289 0.478516 
2 0.727851 0.817871 0.390137 0.0341797 0.155273 
3 0.704215 0.0583496 0.588379 0.124512 0.569336 
3 0.639047 0.351074 0.428223 0.0449219 0.0986328 
2 0.615636 0.923828 0.405762 0.0449219 0.274414 
9 0.490237 0.927246 0.48291 0.0390625 0.149414 
9 0.337031 0.818115 0.44873 0.0336914 0.125977 
2 0.283782 0.819336 0.421387 0.0400391 0.12793 
0 0.260002 0.195801 0.327637 0.0185547 0.0537109 
3 0.257346 0.337891 0.432617 0.0771484 0.115234 
