3 0.914721 0.856934 0.486816 0.178711 0.239258 
3 0.895395 0.930176 0.517578 0.134766 0.351562 
3 0.884513 0.147217 0.492676 0.0727539 0.0810547 
3 0.815578 0.56665 0.441406 0.0297852 0.0488281 
3 0.708695 0.25708 0.473633 0.027832 0.046875 
3 0.615904 0.229248 0.476074 0.0327148 0.0537109 
3 0.562009 0.240723 0.475098 0.03125 0.0517578 
3 0.532813 0.208496 0.481445 0.0527344 0.0664062 
3 0.4893 0.286865 0.470703 0.0219727 0.0351562 
0 0.401596 0.700684 0.44873 0.0136719 0.0791016 
3 0.391436 0.273193 0.472168 0.0219727 0.0419922 
3 0.377233 0.318604 0.464355 0.0200195 0.0302734 
3 0.32122 0.302979 0.464844 0.0219727 0.03125 
0 0.316601 0.649902 0.432129 0.0136719 0.0556641 
3 0.287239 0.367676 0.457031 0.0302734 0.0253906 
