0 0.776502 0.241943 0.397949 0.0219727 0.102539 
0 0.760829 0.041748 0.396973 0.0249023 0.110352 
0 0.758127 0.134766 0.393066 0.0224609 0.112305 
0 0.725659 0.201416 0.397461 0.0180664 0.0820312 
0 0.718256 0.348877 0.393555 0.0170898 0.0761719 
0 0.668429 0.0722656 0.395996 0.0253906 0.106445 
0 0.643993 0.0803223 0.398438 0.0200195 0.115234 
3 0.640961 0.659668 0.434082 0.100586 0.145508 
0 0.610001 0.0539551 0.396484 0.0229492 0.107422 
0 0.599307 0.00976562 0.393066 0.0195312 0.114258 
0 0.59487 0.318359 0.39502 0.0234375 0.0908203 
0 0.58014 0.258789 0.398926 0.0205078 0.102539 
0 0.580079 0.162842 0.39502 0.0209961 0.0927734 
0 0.557174 0.114746 0.398926 0.0224609 0.0908203 
0 0.540524 0.145752 0.391602 0.0239258 0.103516 
3 0.501949 0.471924 0.413574 0.027832 0.0458984 
0 0.461954 0.556152 0.410156 0.0292969 0.130859 
0 0.454863 0.270996 0.395996 0.0214844 0.104492 
0 0.439955 0.336426 0.395508 0.0195312 0.0957031 
0 0.420935 0.380371 0.395996 0.0146484 0.0634766 
0 0.393446 0.305176 0.394043 0.0224609 0.0908203 
0 0.379658 0.0722656 0.130859 0.0234375 0.078125 
0 0.366283 0.945557 0.386719 0.0249023 0.0917969 
0 0.334987 0.289062 0.394531 0.0224609 0.101562 
