2 0.802346 0.868408 0.450195 0.0375977 0.078125 
0 0.753179 0.524658 0.421387 0.0268555 0.108398 
0 0.691841 0.767578 0.44043 0.0205078 0.103516 
0 0.640374 0.679199 0.430664 0.0195312 0.0917969 
3 0.638284 0.395264 0.429199 0.0952148 0.0966797 
2 0.605631 0.267822 0.427734 0.0307617 0.103516 
0 0.579005 0.695312 0.442871 0.0253906 0.0986328 
0 0.577001 0.334473 0.432617 0.0283203 0.126953 
0 0.563476 0.535156 0.42041 0.0214844 0.104492 
0 0.55872 0.71167 0.444336 0.0317383 0.103516 
6 0.55368 0.0541992 0.388672 0.0898438 0.253906 
9 0.545923 0.261719 0.453125 0.0527344 0.0820312 
0 0.479443 0.557861 0.426758 0.0268555 0.113281 
0 0.453379 0.664795 0.427246 0.0180664 0.0732422 
9 0.447649 0.458252 0.452637 0.0600586 0.0849609 
0 0.399648 0.650635 0.42627 0.0180664 0.0830078 
9 0.399016 0.523193 0.450195 0.0522461 0.101562 
2 0.395982 0.866211 0.43457 0.0292969 0.0878906 
0 0.376585 0.476318 0.42334 0.0209961 0.0810547 
0 0.344586 0.712646 0.430664 0.0200195 0.0976562 
9 0.333165 0.259521 0.456055 0.081543 0.0957031 
9 0.328846 0.651367 0.451172 0.0263672 0.0664062 
3 0.325076 0.588379 0.426758 0.0351562 0.0878906 
0 0.322071 0.612793 0.443848 0.0175781 0.0791016 
0 0.309945 0.568359 0.429688 0.0263672 0.126953 
9 0.306404 0.474365 0.450195 0.0424805 0.0820312 
0 0.273606 0.602783 0.444336 0.0249023 0.0878906 
0 0.264326 0.490723 0.413086 0.0224609 0.0664062 
2 0.258538 0.460449 0.424805 0.03125 0.101562 
