3 0.878142 0.0854492 0.468262 0.15625 0.182617 
3 0.844592 0.319824 0.417969 0.0410156 0.0683594 
3 0.738324 0.290771 0.426758 0.0444336 0.0976562 
3 0.727598 0.246582 0.434082 0.0849609 0.12207 
9 0.615695 0.897217 0.457031 0.106934 0.144531 
3 0.613909 0.334473 0.416504 0.0234375 0.0517578 
7 0.612817 0.422119 0.359375 0.14209 0.199219 
3 0.589474 0.305176 0.423828 0.0332031 0.0820312 
3 0.406543 0.68042 0.380859 0.0268555 0.0351562 
3 0.380612 0.693848 0.382324 0.0263672 0.0283203 
3 0.374206 0.567627 0.512695 0.251465 0.417969 
3 0.878142 0.0854492 0.468262 0.15625 0.182617 
3 0.844592 0.319824 0.417969 0.0410156 0.0683594 
3 0.738324 0.290771 0.426758 0.0444336 0.0976562 
3 0.727598 0.246582 0.434082 0.0849609 0.12207 
9 0.615695 0.897217 0.457031 0.106934 0.144531 
3 0.613909 0.334473 0.416504 0.0234375 0.0517578 
7 0.612817 0.422119 0.359375 0.14209 0.199219 
3 0.589474 0.305176 0.423828 0.0332031 0.0820312 
3 0.406543 0.68042 0.380859 0.0268555 0.0351562 
3 0.380612 0.693848 0.382324 0.0263672 0.0283203 
3 0.374206 0.567627 0.512695 0.251465 0.417969 
3 0.878142 0.0854492 0.468262 0.15625 0.182617 
3 0.844592 0.319824 0.417969 0.0410156 0.0683594 
3 0.738324 0.290771 0.426758 0.0444336 0.0976562 
3 0.727598 0.246582 0.434082 0.0849609 0.12207 
9 0.615695 0.897217 0.457031 0.106934 0.144531 
3 0.613909 0.334473 0.416504 0.0234375 0.0517578 
7 0.612817 0.422119 0.359375 0.14209 0.199219 
3 0.589474 0.305176 0.423828 0.0332031 0.0820312 
3 0.406543 0.68042 0.380859 0.0268555 0.0351562 
3 0.380612 0.693848 0.382324 0.0263672 0.0283203 
3 0.374206 0.567627 0.512695 0.251465 0.417969 
