5 0.790205 0.523926 0.332031 0.0888672 0.226562 
3 0.751729 0.428955 0.398438 0.0307617 0.0683594 
3 0.626273 0.445068 0.387695 0.0249023 0.0449219 
3 0.449483 0.458008 0.381836 0.0185547 0.0351562 
3 0.433403 0.397949 0.40625 0.0761719 0.0839844 
3 0.302926 0.416992 0.400391 0.0390625 0.0703125 
3 0.295407 0.460938 0.37207 0.0224609 0.03125 
5 0.790205 0.523926 0.332031 0.0888672 0.226562 
3 0.751729 0.428955 0.398438 0.0307617 0.0683594 
3 0.626273 0.445068 0.387695 0.0249023 0.0449219 
3 0.449483 0.458008 0.381836 0.0185547 0.0351562 
3 0.433403 0.397949 0.40625 0.0761719 0.0839844 
3 0.302926 0.416992 0.400391 0.0390625 0.0703125 
3 0.295407 0.460938 0.37207 0.0224609 0.03125 
5 0.790205 0.523926 0.332031 0.0888672 0.226562 
3 0.751729 0.428955 0.398438 0.0307617 0.0683594 
3 0.626273 0.445068 0.387695 0.0249023 0.0449219 
3 0.449483 0.458008 0.381836 0.0185547 0.0351562 
3 0.433403 0.397949 0.40625 0.0761719 0.0839844 
3 0.302926 0.416992 0.400391 0.0390625 0.0703125 
3 0.295407 0.460938 0.37207 0.0224609 0.03125 
