3 0.895519 0.933838 0.452637 0.135254 0.272461 
3 0.894219 0.0395508 0.448242 0.0791016 0.113281 
3 0.822381 0.47168 0.39209 0.0537109 0.0947266 
3 0.806806 0.838379 0.443359 0.126953 0.173828 
3 0.779233 0.211914 0.427246 0.0449219 0.0595703 
3 0.743992 0.648926 0.412598 0.0576172 0.0751953 
3 0.742743 0.713135 0.402832 0.0834961 0.147461 
3 0.732266 0.149658 0.430664 0.0512695 0.0722656 
3 0.705088 0.541992 0.401367 0.0488281 0.0742188 
3 0.653666 0.196045 0.430176 0.0571289 0.0693359 
3 0.644576 0.776611 0.432129 0.0805664 0.139648 
3 0.559187 0.288086 0.433594 0.0957031 0.126953 
3 0.538289 0.553467 0.39502 0.0327148 0.0576172 
3 0.53723 0.586426 0.366699 0.03125 0.0693359 
3 0.51442 0.678467 0.419922 0.0297852 0.0859375 
3 0.455549 0.0969238 0.433594 0.074707 0.0996094 
3 0.420229 0.182861 0.427734 0.0541992 0.0722656 
3 0.269939 0.66333 0.414551 0.0493164 0.0908203 
