0 0.763842 0.428223 0.491211 0.0888672 0.349609 
0 0.732394 0.0732422 0.452637 0.0283203 0.125977 
0 0.619928 0.699951 0.384766 0.0297852 0.15625 
0 0.613872 0.736328 0.370117 0.0224609 0.121094 
0 0.500702 0.955078 0.366699 0.0234375 0.114258 
0 0.489328 0.669922 0.385742 0.0253906 0.113281 
0 0.400228 0.673584 0.384277 0.0258789 0.149414 
0 0.37537 0.147949 0.452148 0.0195312 0.0957031 
0 0.370737 0.762939 0.371582 0.0229492 0.120117 
0 0.340913 0.44873 0.396484 0.0146484 0.0488281 
0 0.263031 0.112061 0.443848 0.0161133 0.0771484 
