0 0.902434 0.241699 0.418457 0.0136719 0.0615234 
0 0.900675 0.12793 0.42041 0.0244141 0.104492 
3 0.896434 0.621338 0.422852 0.0834961 0.154297 
3 0.85158 0.941406 0.394531 0.128906 0.128906 
0 0.768011 0.0576172 0.420898 0.0273438 0.128906 
0 0.670627 0.0683594 0.424316 0.0273438 0.118164 
3 0.634334 0.541016 0.402832 0.0234375 0.0322266 
3 0.612575 0.370361 0.413574 0.0200195 0.0322266 
0 0.507486 0.287598 0.415527 0.0117188 0.0537109 
0 0.490376 0.178955 0.427246 0.0180664 0.0693359 
0 0.474011 0.229736 0.419434 0.0161133 0.0751953 
0 0.440461 0.256592 0.416016 0.0131836 0.0605469 
0 0.414685 0.349121 0.424805 0.0449219 0.236328 
0 0.387837 0.678467 0.395996 0.0180664 0.0693359 
3 0.362713 0.323486 0.419434 0.0268555 0.0439453 
0 0.355171 0.274414 0.414551 0.0126953 0.0595703 
0 0.26696 0.193848 0.425781 0.0185547 0.0742188 
0 0.262882 0.666748 0.394531 0.019043 0.0761719 
0 0.262185 0.209717 0.425293 0.0141602 0.0654297 
