3 0.783427 0.733887 0.410645 0.0527344 0.0732422 
3 0.699725 0.646484 0.394043 0.0205078 0.0302734 
3 0.684824 0.680664 0.399902 0.0332031 0.0517578 
3 0.59811 0.615723 0.388672 0.0195312 0.0253906 
3 0.53147 0.385986 0.395508 0.0385742 0.0410156 
2 0.516799 0.821533 0.412109 0.0229492 0.0898438 
3 0.477412 0.394775 0.390625 0.0366211 0.0410156 
0 0.409475 0.289551 0.392578 0.0146484 0.0429688 
3 0.387484 0.246582 0.419922 0.0791016 0.0917969 
3 0.355739 0.523926 0.387207 0.0292969 0.0302734 
1 0.32116 0.821533 0.412109 0.0229492 0.0898438 
3 0.261746 0.335938 0.391602 0.0439453 0.0410156 
