3 0.743413 0.266357 0.433105 0.126465 0.139648 
3 0.642395 0.915283 0.371094 0.156738 0.220703 
3 0.59161 0.394287 0.401367 0.0375977 0.0566406 
3 0.472746 0.363281 0.400879 0.046875 0.0693359 
3 0.431539 0.617188 0.385254 0.0166016 0.0205078 
2 0.413196 0.556396 0.393555 0.0151367 0.0507812 
0 0.406339 0.130859 0.416016 0.0244141 0.0957031 
3 0.398458 0.534912 0.39209 0.0200195 0.0283203 
3 0.395276 0.648926 0.387695 0.0195312 0.0214844 
3 0.390927 0.333252 0.416504 0.0385742 0.0732422 
8 0.365737 0.459229 0.428223 0.0200195 0.0556641 
2 0.329631 0.459473 0.425293 0.0224609 0.0693359 
0 0.308714 0.799561 0.39209 0.0249023 0.106445 
3 0.30685 0.492188 0.385254 0.0214844 0.0224609 
3 0.30204 0.386719 0.399902 0.0332031 0.0517578 
