3 0.860768 0.602539 0.405273 0.0478516 0.121094 
3 0.858433 0.739746 0.462891 0.155273 0.214844 
3 0.84253 0.513672 0.437988 0.12207 0.211914 
3 0.756405 0.0891113 0.478027 0.143066 0.155273 
3 0.687407 0.265381 0.435059 0.0756836 0.100586 
3 0.685906 0.866455 0.509766 0.251465 0.316406 
3 0.675236 0.321289 0.430176 0.0576172 0.0791016 
3 0.656875 0.951172 0.606445 0.0898438 0.34375 
0 0.63312 0.878418 0.331543 0.0283203 0.0673828 
0 0.622659 0.847656 0.331543 0.0224609 0.0712891 
3 0.603164 0.43042 0.414062 0.0307617 0.0429688 
3 0.60147 0.676758 0.384277 0.15625 0.258789 
0 0.599683 0.871826 0.332031 0.0229492 0.0722656 
3 0.523221 0.303955 0.431641 0.0561523 0.0800781 
0 0.489168 0.914551 0.336426 0.0400391 0.0986328 
3 0.460152 0.189697 0.441895 0.112793 0.129883 
3 0.450366 0.333496 0.424805 0.0371094 0.0703125 
0 0.450011 0.841064 0.338867 0.0200195 0.0605469 
0 0.403039 0.790771 0.353516 0.019043 0.0546875 
0 0.335518 0.915771 0.350098 0.0473633 0.141602 
0 0.318048 0.987793 0.388672 0.0234375 0.169922 
3 0.313614 0.443848 0.413574 0.0292969 0.0458984 
0 0.306086 0.925781 0.352051 0.0419922 0.12793 
3 0.305781 0.586914 0.411621 0.0341797 0.0849609 
0 0.286002 0.926025 0.336914 0.0336914 0.09375 
0 0.272599 0.983154 0.401367 0.0356445 0.226562 
