0 0.906967 0.674561 0.465332 0.0522461 0.249023 
3 0.738924 0.275879 0.428223 0.0488281 0.0498047 
3 0.699648 0.0515137 0.460449 0.0805664 0.0751953 
3 0.677531 0.319092 0.428223 0.0327148 0.0361328 
3 0.574293 0.540283 0.407715 0.019043 0.0263672 
3 0.475743 0.0693359 0.454102 0.0683594 0.0625 
8 0.438243 0.847656 0.427734 0.0214844 0.0644531 
2 0.32235 0.847656 0.427734 0.0214844 0.0644531 
3 0.317075 0.227295 0.432129 0.0483398 0.0537109 
3 0.285011 0.476318 0.411621 0.0200195 0.0205078 
3 0.264287 0.240479 0.432617 0.0268555 0.046875 
0 0.906967 0.674561 0.465332 0.0522461 0.249023 
3 0.738924 0.275879 0.428223 0.0488281 0.0498047 
3 0.699648 0.0515137 0.460449 0.0805664 0.0751953 
3 0.677531 0.319092 0.428223 0.0327148 0.0361328 
3 0.574293 0.540283 0.407715 0.019043 0.0263672 
3 0.475743 0.0693359 0.454102 0.0683594 0.0625 
8 0.438243 0.847656 0.427734 0.0214844 0.0644531 
2 0.32235 0.847656 0.427734 0.0214844 0.0644531 
3 0.317075 0.227295 0.432129 0.0483398 0.0537109 
3 0.285011 0.476318 0.411621 0.0200195 0.0205078 
3 0.264287 0.240479 0.432617 0.0268555 0.046875 
0 0.906967 0.674561 0.465332 0.0522461 0.249023 
3 0.738924 0.275879 0.428223 0.0488281 0.0498047 
3 0.699648 0.0515137 0.460449 0.0805664 0.0751953 
3 0.677531 0.319092 0.428223 0.0327148 0.0361328 
3 0.574293 0.540283 0.407715 0.019043 0.0263672 
3 0.475743 0.0693359 0.454102 0.0683594 0.0625 
8 0.438243 0.847656 0.427734 0.0214844 0.0644531 
2 0.32235 0.847656 0.427734 0.0214844 0.0644531 
3 0.317075 0.227295 0.432129 0.0483398 0.0537109 
3 0.285011 0.476318 0.411621 0.0200195 0.0205078 
3 0.264287 0.240479 0.432617 0.0268555 0.046875 
