3 0.917103 0.577637 0.477051 0.178711 0.274414 
3 0.879762 0.85376 0.460449 0.181152 0.202148 
0 0.837393 0.0773926 0.407715 0.0512695 0.225586 
0 0.808195 0.396484 0.390625 0.0175781 0.078125 
0 0.7882 0.415283 0.392578 0.0180664 0.0898438 
0 0.727449 0.27002 0.397461 0.0351562 0.164062 
0 0.704682 0.121338 0.390625 0.0307617 0.160156 
0 0.621365 0.112061 0.404785 0.0444336 0.170898 
0 0.618648 0.660645 0.380371 0.0185547 0.0908203 
3 0.593185 0.724121 0.416504 0.0605469 0.0908203 
0 0.586366 0.475098 0.39502 0.0146484 0.0673828 
0 0.577232 0.741211 0.416504 0.0244141 0.12207 
9 0.560779 0.354248 0.417969 0.0385742 0.078125 
3 0.525383 0.681396 0.383301 0.0239258 0.0302734 
2 0.474964 0.350342 0.394531 0.0249023 0.128906 
3 0.469347 0.939697 0.514648 0.118652 0.351562 
9 0.45237 0.362061 0.422363 0.0317383 0.0791016 
0 0.449513 0.259521 0.397461 0.0307617 0.152344 
0 0.440951 0.0861816 0.418457 0.0444336 0.182617 
0 0.407316 0.351318 0.394043 0.0249023 0.112305 
0 0.382926 0.425537 0.38916 0.0170898 0.0869141 
0 0.348405 0.773682 0.41748 0.0258789 0.125977 
0 0.339391 0.33374 0.399902 0.0229492 0.112305 
0 0.321247 0.338379 0.411621 0.0253906 0.125977 
3 0.294379 0.64917 0.383789 0.0209961 0.0703125 
0 0.278581 0.325684 0.398438 0.0195312 0.09375 
0 0.265712 0.74292 0.395996 0.0209961 0.100586 
0 0.261677 0.64917 0.383789 0.0209961 0.0703125 
0 0.261118 0.12793 0.392578 0.0302734 0.173828 
