9 0.65495 0.852295 0.521484 0.165527 0.181641 
2 0.60683 0.848633 0.461914 0.0908203 0.269531 
0 0.565589 0.167969 0.400879 0.0322266 0.12207 
3 0.451152 0.645752 0.431641 0.0258789 0.0292969 
3 0.42115 0.601318 0.433105 0.0786133 0.0693359 
3 0.304381 0.632812 0.426758 0.0244141 0.0332031 
2 0.261559 0.849121 0.427734 0.0664062 0.1875 
9 0.65495 0.852295 0.521484 0.165527 0.181641 
2 0.60683 0.848633 0.461914 0.0908203 0.269531 
0 0.565589 0.167969 0.400879 0.0322266 0.12207 
3 0.451152 0.645752 0.431641 0.0258789 0.0292969 
3 0.42115 0.601318 0.433105 0.0786133 0.0693359 
3 0.304381 0.632812 0.426758 0.0244141 0.0332031 
2 0.261559 0.849121 0.427734 0.0664062 0.1875 
9 0.65495 0.852295 0.521484 0.165527 0.181641 
2 0.60683 0.848633 0.461914 0.0908203 0.269531 
0 0.565589 0.167969 0.400879 0.0322266 0.12207 
3 0.451152 0.645752 0.431641 0.0258789 0.0292969 
3 0.42115 0.601318 0.433105 0.0786133 0.0693359 
3 0.304381 0.632812 0.426758 0.0244141 0.0332031 
2 0.261559 0.849121 0.427734 0.0664062 0.1875 
