3 0.873969 0.349609 0.421387 0.0566406 0.0712891 
3 0.684118 0.279053 0.425293 0.123535 0.0869141 
3 0.435865 0.477539 0.408691 0.0234375 0.0283203 
3 0.415365 0.413086 0.413574 0.0556641 0.0537109 
3 0.414864 0.491943 0.408203 0.0229492 0.0332031 
3 0.401085 0.365967 0.422363 0.0493164 0.0673828 
3 0.390405 0.570068 0.410156 0.019043 0.0292969 
3 0.344209 0.474854 0.402832 0.0239258 0.0322266 
3 0.3422 0.382324 0.416992 0.0341797 0.046875 
3 0.260384 0.506348 0.404297 0.0234375 0.0371094 
3 0.873969 0.349609 0.421387 0.0566406 0.0712891 
3 0.684118 0.279053 0.425293 0.123535 0.0869141 
3 0.435865 0.477539 0.408691 0.0234375 0.0283203 
3 0.415365 0.413086 0.413574 0.0556641 0.0537109 
3 0.414864 0.491943 0.408203 0.0229492 0.0332031 
3 0.401085 0.365967 0.422363 0.0493164 0.0673828 
3 0.390405 0.570068 0.410156 0.019043 0.0292969 
3 0.344209 0.474854 0.402832 0.0239258 0.0322266 
3 0.3422 0.382324 0.416992 0.0341797 0.046875 
3 0.260384 0.506348 0.404297 0.0234375 0.0371094 
3 0.873969 0.349609 0.421387 0.0566406 0.0712891 
3 0.684118 0.279053 0.425293 0.123535 0.0869141 
3 0.435865 0.477539 0.408691 0.0234375 0.0283203 
3 0.415365 0.413086 0.413574 0.0556641 0.0537109 
3 0.414864 0.491943 0.408203 0.0229492 0.0332031 
3 0.401085 0.365967 0.422363 0.0493164 0.0673828 
3 0.390405 0.570068 0.410156 0.019043 0.0292969 
3 0.344209 0.474854 0.402832 0.0239258 0.0322266 
3 0.3422 0.382324 0.416992 0.0341797 0.046875 
3 0.260384 0.506348 0.404297 0.0234375 0.0371094 
