3 0.932295 0.923828 0.570312 0.147461 0.556641 
3 0.698047 0.336914 0.421387 0.0332031 0.0576172 
9 0.686956 0.308105 0.443848 0.0224609 0.0576172 
3 0.683329 0.367676 0.427246 0.0283203 0.0439453 
3 0.681739 0.502686 0.420898 0.0424805 0.0644531 
2 0.620711 0.306396 0.42627 0.0161133 0.0751953 
3 0.593648 0.380371 0.422852 0.0244141 0.0371094 
3 0.497333 0.39917 0.421387 0.0180664 0.0302734 
2 0.471366 0.226074 0.427734 0.0283203 0.0976562 
9 0.464122 0.225586 0.475586 0.0302734 0.0800781 
2 0.451616 0.226318 0.424316 0.0229492 0.0712891 
0 0.41432 0.237061 0.421875 0.0151367 0.0800781 
2 0.414214 0.268555 0.424316 0.015625 0.0673828 
9 0.414195 0.267822 0.452148 0.0141602 0.0625 
2 0.364061 0.35376 0.424316 0.019043 0.0556641 
9 0.362952 0.316162 0.441895 0.027832 0.0537109 
3 0.33492 0.565918 0.402832 0.0341797 0.0615234 
0 0.303711 0.0700684 0.451172 0.0151367 0.0546875 
2 0.288276 0.225098 0.455078 0.0283203 0.103516 
2 0.261911 0.268311 0.427246 0.0200195 0.0947266 
3 0.261784 0.42749 0.412109 0.0209961 0.0371094 
