3 0.914465 0.299072 0.419434 0.0639648 0.0888672 
3 0.897309 0.333496 0.393066 0.0234375 0.0439453 
3 0.892608 0.491943 0.468262 0.153809 0.165039 
0 0.779674 0.755859 0.399414 0.0234375 0.0917969 
0 0.774109 0.679443 0.401855 0.0219727 0.0791016 
9 0.690294 0.830811 0.462891 0.0893555 0.126953 
0 0.533019 0.605225 0.429199 0.0200195 0.0712891 
0 0.487135 0.397705 0.402344 0.0151367 0.0566406 
9 0.463213 0.857666 0.46875 0.0932617 0.142578 
0 0.440978 0.411377 0.400391 0.0141602 0.0625 
0 0.41338 0.493896 0.387695 0.027832 0.0761719 
0 0.379935 0.505371 0.389648 0.03125 0.0722656 
9 0.375138 0.888428 0.483887 0.090332 0.147461 
0 0.354439 0.746338 0.413574 0.0180664 0.0908203 
0 0.267835 0.611816 0.422852 0.0175781 0.0722656 
9 0.266728 0.605225 0.443848 0.0239258 0.0517578 
