0 0.800259 0.367432 0.385742 0.0297852 0.138672 
3 0.790619 0.57251 0.340332 0.0883789 0.125977 
0 0.752174 0.338135 0.388184 0.027832 0.139648 
0 0.67745 0.181396 0.388672 0.0307617 0.179688 
0 0.676277 0.228271 0.390625 0.034668 0.160156 
0 0.671476 0.350342 0.388672 0.0268555 0.140625 
3 0.667482 0.626953 0.353027 0.0302734 0.0498047 
9 0.62942 0.518066 0.391602 0.0429688 0.115234 
0 0.608192 0.284912 0.38916 0.0405273 0.15918 
0 0.601881 0.133057 0.393555 0.0336914 0.144531 
3 0.577302 0.678955 0.349609 0.0454102 0.0488281 
2 0.562935 0.0744629 0.421387 0.0366211 0.145508 
0 0.557018 0.317383 0.385254 0.0263672 0.133789 
0 0.519567 0.209717 0.38623 0.0297852 0.161133 
0 0.503017 0.306396 0.384766 0.0268555 0.140625 
0 0.483358 0.274902 0.394043 0.0371094 0.151367 
0 0.477262 0.105957 0.399902 0.0351562 0.145508 
0 0.442616 0.0827637 0.413574 0.0483398 0.151367 
0 0.430767 0.358154 0.387207 0.034668 0.155273 
0 0.421704 0.325439 0.392578 0.0366211 0.146484 
2 0.418836 0.0244141 0.419434 0.046875 0.192383 
0 0.389699 0.0754395 0.394531 0.0268555 0.101562 
2 0.381678 0.519775 0.362793 0.0327148 0.151367 
0 0.369522 0.119385 0.393555 0.027832 0.126953 
0 0.358824 0.0854492 0.390625 0.0341797 0.132812 
0 0.358216 0.23999 0.392578 0.0258789 0.130859 
0 0.355481 0.475586 0.370117 0.0185547 0.09375 
0 0.344063 0.963379 0.353516 0.0175781 0.0859375 
0 0.339877 0.0742188 0.421387 0.0322266 0.137695 
0 0.335601 0.378906 0.387695 0.0214844 0.09375 
0 0.328124 0.192871 0.387695 0.0322266 0.162109 
2 0.315409 0.514404 0.36377 0.0288086 0.116211 
9 0.292241 0.0187988 0.45166 0.0375977 0.120117 
9 0.283772 0.518066 0.408203 0.0302734 0.0839844 
0 0.277627 0.165283 0.387207 0.0249023 0.131836 
0 0.274295 0.14502 0.391602 0.0283203 0.132812 
