3 0.921712 0.397217 0.417969 0.0356445 0.046875 
3 0.849668 0.35083 0.444824 0.097168 0.12793 
3 0.658829 0.622314 0.44043 0.10498 0.138672 
3 0.656876 0.0900879 0.396973 0.0444336 0.0791016 
0 0.485341 0.208496 0.401855 0.015625 0.0615234 
3 0.341962 0.0656738 0.397461 0.0268555 0.0546875 
3 0.306045 0.0361328 0.387207 0.0341797 0.0517578 
8 0.295487 0.270752 0.461914 0.0717773 0.177734 
3 0.921712 0.397217 0.417969 0.0356445 0.046875 
3 0.849668 0.35083 0.444824 0.097168 0.12793 
3 0.658829 0.622314 0.44043 0.10498 0.138672 
3 0.656876 0.0900879 0.396973 0.0444336 0.0791016 
0 0.485341 0.208496 0.401855 0.015625 0.0615234 
3 0.341962 0.0656738 0.397461 0.0268555 0.0546875 
3 0.306045 0.0361328 0.387207 0.0341797 0.0517578 
8 0.295487 0.270752 0.461914 0.0717773 0.177734 
