3 0.904443 0.0837402 0.567871 0.156738 0.624023 
3 0.885898 0.205566 0.452148 0.165039 0.255859 
3 0.850514 0.4021 0.41748 0.123535 0.225586 
3 0.690267 0.464111 0.400879 0.0493164 0.0966797 
2 0.568159 0.581543 0.388184 0.0292969 0.149414 
9 0.489826 0.583008 0.416992 0.0253906 0.0878906 
5 0.476704 0.23999 0.341797 0.100098 0.222656 
9 0.324635 0.826416 0.418457 0.0668945 0.133789 
2 0.30561 0.826416 0.418457 0.0668945 0.133789 
3 0.274656 0.236572 0.411621 0.104004 0.18457 
2 0.260465 0.822021 0.395996 0.0493164 0.145508 
0 0.25839 0.945312 0.42041 0.0166016 0.0869141 
0 0.250233 0.87793 0.389648 0.0332031 0.160156 
