0 0.900494 0.304443 0.473633 0.0952148 0.378906 
0 0.810217 0.64502 0.451172 0.0605469 0.277344 
0 0.752101 0.578369 0.487793 0.0766602 0.350586 
3 0.674313 0.618896 0.36084 0.0454102 0.0634766 
0 0.66798 0.246094 0.378418 0.0273438 0.15918 
0 0.615246 0.494141 0.450195 0.0791016 0.363281 
0 0.602815 0.960693 0.352051 0.0170898 0.0908203 
3 0.57859 0.551514 0.378906 0.0356445 0.0488281 
3 0.57065 0.67627 0.351562 0.0234375 0.0371094 
0 0.554075 0.802734 0.364746 0.0244141 0.0888672 
3 0.532307 0.599609 0.368164 0.0351562 0.0488281 
3 0.511503 0.553223 0.368164 0.0429688 0.0566406 
0 0.490752 0.434082 0.381836 0.0175781 0.0859375 
0 0.460497 0.382568 0.388184 0.0268555 0.116211 
3 0.456926 0.66748 0.351074 0.0195312 0.0361328 
0 0.4537 0.461426 0.367676 0.0195312 0.0771484 
0 0.446935 0.212891 0.370605 0.0273438 0.165039 
0 0.432629 0.177002 0.379395 0.0258789 0.12207 
9 0.429077 0.538818 0.386719 0.0180664 0.0605469 
3 0.42386 0.677734 0.349121 0.0351562 0.0400391 
3 0.407436 0.589111 0.365234 0.0288086 0.0488281 
0 0.333034 0.441895 0.380859 0.0175781 0.0820312 
0 0.327845 0.196045 0.382324 0.0268555 0.120117 
0 0.327702 0.205078 0.381348 0.0283203 0.139648 
0 0.312358 0.516357 0.472168 0.0961914 0.397461 
0 0.301599 0.476074 0.364746 0.0185547 0.0654297 
3 0.287305 0.613281 0.354004 0.0664062 0.0712891 
0 0.280938 0.89917 0.360352 0.0161133 0.0742188 
0 0.259369 0.169189 0.379395 0.0229492 0.145508 
