3 0.579927 0.373291 0.461914 0.0834961 0.130859 
0 0.579552 0.696533 0.416504 0.0200195 0.0869141 
8 0.52011 0.772461 0.460449 0.03125 0.0947266 
0 0.321214 0.725098 0.424316 0.0205078 0.106445 
8 0.313652 0.763672 0.470703 0.0488281 0.0839844 
8 0.310965 0.756592 0.460938 0.0473633 0.0859375 
0 0.288501 0.708252 0.417969 0.0209961 0.0996094 
3 0.250452 0.520752 0.414551 0.0249023 0.0302734 
3 0.579927 0.373291 0.461914 0.0834961 0.130859 
0 0.579552 0.696533 0.416504 0.0200195 0.0869141 
8 0.52011 0.772461 0.460449 0.03125 0.0947266 
0 0.321214 0.725098 0.424316 0.0205078 0.106445 
8 0.313652 0.763672 0.470703 0.0488281 0.0839844 
8 0.310965 0.756592 0.460938 0.0473633 0.0859375 
0 0.288501 0.708252 0.417969 0.0209961 0.0996094 
3 0.250452 0.520752 0.414551 0.0249023 0.0302734 
