3 0.845361 0.581299 0.416016 0.0629883 0.0917969 
0 0.75798 0.72583 0.445801 0.0532227 0.229492 
9 0.6721 0.453369 0.453613 0.0737305 0.110352 
3 0.671598 0.666748 0.395996 0.027832 0.0341797 
2 0.641984 0.80127 0.437012 0.0849609 0.375977 
3 0.560187 0.383057 0.401855 0.081543 0.0654297 
3 0.522801 0.69458 0.424805 0.0415039 0.0917969 
9 0.505725 0.169434 0.483887 0.0947266 0.186523 
0 0.500211 0.166748 0.380859 0.0317383 0.132812 
0 0.493233 0.0202637 0.416992 0.0395508 0.300781 
0 0.444984 0.0390625 0.42334 0.0537109 0.329102 
2 0.422561 0.457764 0.387207 0.0375977 0.104492 
3 0.413645 0.67627 0.396973 0.0322266 0.0400391 
0 0.409477 0.304932 0.394043 0.0405273 0.168945 
3 0.402576 0.703125 0.422852 0.0595703 0.117188 
2 0.364389 0.456543 0.413086 0.0527344 0.150391 
0 0.356095 0.31665 0.404785 0.0493164 0.198242 
3 0.355459 0.612305 0.402344 0.0322266 0.0703125 
0 0.351322 0.973145 0.362793 0.0263672 0.0849609 
0 0.338128 0.966064 0.366211 0.0229492 0.0703125 
0 0.31408 0.820801 0.385254 0.0283203 0.12207 
2 0.303493 0.447754 0.387207 0.0380859 0.116211 
0 0.279797 0.884521 0.382812 0.0297852 0.105469 
0 0.277721 0.263916 0.412598 0.0366211 0.143555 
0 0.273753 0.795898 0.410156 0.0810547 0.302734 
