0 0.932236 0.734619 0.46875 0.104004 0.380859 
3 0.877839 0.896729 0.421387 0.156738 0.161133 
0 0.858629 0.473145 0.455566 0.0654297 0.34668 
0 0.818892 0.323975 0.415527 0.0200195 0.106445 
0 0.785039 0.223145 0.419922 0.0175781 0.0917969 
0 0.76764 0.367432 0.415039 0.0170898 0.0664062 
0 0.642003 0.262939 0.420898 0.0170898 0.0839844 
0 0.569409 0.301025 0.413574 0.0170898 0.0849609 
0 0.569339 0.75708 0.471191 0.0795898 0.375977 
2 0.543864 0.0695801 0.415527 0.034668 0.15332 
0 0.490682 0.551025 0.385742 0.0151367 0.0585938 
0 0.44601 0.268311 0.421387 0.0161133 0.0810547 
0 0.415795 0.146729 0.418457 0.0200195 0.0830078 
0 0.411569 0.647217 0.397461 0.0209961 0.0820312 
9 0.384172 0.0700684 0.456055 0.0688477 0.0898438 
0 0.376328 0.817139 0.385742 0.0200195 0.0644531 
0 0.364545 0.544189 0.382812 0.0151367 0.0566406 
9 0.35292 0.0532227 0.470215 0.0556641 0.106445 
0 0.31601 0.0695801 0.415527 0.034668 0.15332 
0 0.2748 0.716064 0.459473 0.0854492 0.334961 
0 0.264758 0.570312 0.388672 0.0205078 0.0722656 
0 0.258209 0.332275 0.418945 0.0219727 0.0820312 
