2 0.900012 0.821533 0.39209 0.0375977 0.135742 
2 0.837841 0.662354 0.392578 0.0366211 0.130859 
2 0.836014 0.913818 0.391113 0.0375977 0.12207 
9 0.813298 0.822998 0.422363 0.0688477 0.0888672 
3 0.806542 0.333008 0.410156 0.0419922 0.0585938 
0 0.784435 0.601318 0.399414 0.0200195 0.0742188 
2 0.782078 0.552246 0.39502 0.0273438 0.0908203 
9 0.745133 0.663574 0.424805 0.0771484 0.0898438 
0 0.743831 0.0205078 0.421387 0.0214844 0.0888672 
3 0.740495 0.25293 0.417969 0.03125 0.0488281 
0 0.730525 0.478516 0.394531 0.0195312 0.0859375 
2 0.722915 0.160889 0.42041 0.0366211 0.114258 
3 0.704206 0.379883 0.401367 0.0517578 0.0585938 
9 0.695628 0.914795 0.418945 0.074707 0.09375 
0 0.690494 0.488525 0.395996 0.0209961 0.0869141 
0 0.676197 0.461182 0.396973 0.0180664 0.0908203 
0 0.666586 0.700195 0.39502 0.0234375 0.0849609 
9 0.578253 0.414795 0.419922 0.0239258 0.0625 
2 0.537292 0.66333 0.391602 0.0297852 0.0957031 
0 0.53355 0.705078 0.391113 0.0214844 0.0947266 
0 0.525094 0.631104 0.394043 0.019043 0.0869141 
9 0.519439 0.542725 0.422363 0.050293 0.0751953 
0 0.492165 0.587646 0.397461 0.0180664 0.0761719 
2 0.450334 0.820068 0.393555 0.0297852 0.0957031 
9 0.446082 0.664307 0.427734 0.0522461 0.0703125 
2 0.439874 0.541504 0.394531 0.0283203 0.09375 
2 0.403677 0.415283 0.399902 0.027832 0.0947266 
9 0.39777 0.541748 0.426758 0.0375977 0.0605469 
9 0.364265 0.980713 0.413574 0.0336914 0.0771484 
0 0.353378 0.447021 0.395996 0.0161133 0.0732422 
2 0.310025 0.161865 0.401367 0.0258789 0.0976562 
2 0.291372 0.987793 0.390137 0.0263672 0.116211 
9 0.284296 0.913818 0.421387 0.0610352 0.0654297 
3 0.270492 0.294434 0.410156 0.0634766 0.0761719 
2 0.265703 0.661865 0.409668 0.0600586 0.0986328 
2 0.260321 0.98877 0.36377 0.0185547 0.106445 
