0 0.831785 0.383057 0.427246 0.0463867 0.27832 
0 0.784343 0.429199 0.415527 0.0361328 0.194336 
0 0.77203 0.797852 0.429199 0.0439453 0.233398 
0 0.735705 0.62207 0.419922 0.0410156 0.189453 
0 0.710572 0.294434 0.431152 0.0683594 0.311523 
0 0.543598 0.462646 0.421387 0.0541992 0.27832 
0 0.491698 0.820312 0.428223 0.0263672 0.15332 
0 0.451412 0.836426 0.422852 0.0263672 0.144531 
0 0.389414 0.739014 0.427734 0.0366211 0.191406 
0 0.378709 0.901611 0.370117 0.0268555 0.0703125 
9 0.347333 0.580322 0.508789 0.120605 0.185547 
0 0.31574 0.106934 0.419434 0.0195312 0.0908203 
9 0.313987 0.603516 0.515625 0.0869141 0.179688 
0 0.308589 0.728516 0.42041 0.0341797 0.168945 
0 0.281377 0.650146 0.418457 0.027832 0.135742 
0 0.275863 0.474121 0.421875 0.0576172 0.316406 
9 0.268791 0.544922 0.493164 0.104492 0.177734 
0 0.268007 0.8479 0.416504 0.0239258 0.141602 
0 0.254725 0.444824 0.418945 0.0478516 0.224609 
0 0.250029 0.415283 0.415039 0.0356445 0.222656 
