3 0.845213 0.943359 0.537598 0.103516 0.333008 
3 0.783879 0.881348 0.478516 0.208008 0.224609 
3 0.782881 0.631836 0.413086 0.0400391 0.0585938 
0 0.718106 0.821777 0.391602 0.03125 0.0996094 
3 0.637735 0.617188 0.410156 0.0332031 0.0546875 
3 0.635912 0.679688 0.416504 0.046875 0.0751953 
3 0.607374 0.664551 0.413086 0.0478516 0.0742188 
3 0.591007 0.694092 0.421875 0.043457 0.0800781 
3 0.577283 0.766846 0.44873 0.0844727 0.15918 
3 0.543971 0.737305 0.428711 0.09375 0.146484 
3 0.534984 0.509521 0.394043 0.0239258 0.0322266 
3 0.508325 0.648193 0.413574 0.043457 0.0595703 
3 0.483385 0.522217 0.397461 0.0336914 0.03125 
0 0.412284 0.83374 0.391113 0.0229492 0.0986328 
3 0.411457 0.421387 0.361328 0.0810547 0.207031 
3 0.386962 0.462646 0.413574 0.0180664 0.0498047 
0 0.383922 0.304932 0.398926 0.0239258 0.102539 
3 0.354479 0.703369 0.425781 0.0629883 0.0957031 
3 0.316451 0.603271 0.408691 0.0268555 0.0439453 
3 0.28261 0.490967 0.39209 0.0200195 0.0283203 
3 0.280975 0.784424 0.45166 0.0717773 0.139648 
0 0.268325 0.318359 0.400391 0.0205078 0.103516 
0 0.260461 0.82373 0.397461 0.0400391 0.138672 
