3 0.864309 0.132324 0.542969 0.265625 0.392578 
3 0.84971 0.889893 0.522461 0.220215 0.355469 
3 0.819114 0.552246 0.418457 0.0224609 0.0517578 
3 0.792967 0.387207 0.434082 0.0644531 0.0966797 
3 0.78002 0.443115 0.415527 0.0356445 0.0576172 
3 0.649248 0.415771 0.430176 0.0327148 0.0751953 
3 0.531876 0.57959 0.430664 0.0527344 0.078125 
3 0.471773 0.571045 0.424316 0.0424805 0.0712891 
9 0.430339 0.613281 0.444824 0.0244141 0.0498047 
3 0.384323 0.479492 0.409668 0.0234375 0.0302734 
3 0.343011 0.429688 0.420898 0.0302734 0.0722656 
3 0.287618 0.970703 0.658203 0.0605469 0.328125 
9 0.253699 0.614502 0.441895 0.027832 0.0751953 
