3 0.926026 0.642334 0.460938 0.074707 0.162109 
3 0.903974 0.793945 0.460449 0.288086 0.436523 
3 0.870233 0.907715 0.553711 0.170898 0.6875 
3 0.841339 0.0693359 0.649902 0.134766 0.581055 
3 0.824789 0.349121 0.449219 0.118164 0.169922 
3 0.773104 0.174561 0.525879 0.272949 0.356445 
3 0.620551 0.566406 0.416992 0.0439453 0.0585938 
3 0.613232 0.55835 0.414062 0.0366211 0.0527344 
3 0.600414 0.618164 0.451172 0.0556641 0.130859 
2 0.371107 0.442139 0.422852 0.0532227 0.138672 
3 0.356771 0.0539551 0.417969 0.0688477 0.121094 
3 0.322202 0.402588 0.425781 0.0522461 0.105469 
3 0.315844 0.536865 0.402832 0.0239258 0.0380859 
3 0.311862 0.539062 0.409668 0.0234375 0.0380859 
