3 0.931332 0.207275 0.465332 0.160645 0.260742 
3 0.892456 0.325684 0.445801 0.149414 0.200195 
0 0.734845 0.431641 0.452637 0.0556641 0.280273 
3 0.684437 0.80249 0.490723 0.219238 0.241211 
3 0.677368 0.700439 0.446289 0.10498 0.144531 
3 0.625353 0.909912 0.424805 0.137207 0.214844 
0 0.543527 0.650391 0.396484 0.0185547 0.0644531 
0 0.510309 0.456543 0.399902 0.0205078 0.0693359 
0 0.454944 0.599854 0.398926 0.0180664 0.0771484 
0 0.401599 0.487305 0.399414 0.0195312 0.0996094 
0 0.39467 0.481934 0.397461 0.0175781 0.0878906 
3 0.375864 0.384033 0.424316 0.0551758 0.124023 
2 0.370699 0.486816 0.398926 0.0195312 0.106445 
0 0.343476 0.538574 0.398926 0.0175781 0.0595703 
9 0.289427 0.486328 0.413086 0.015625 0.0703125 
0 0.288772 0.913818 0.449219 0.0532227 0.203125 
0 0.251508 0.584717 0.396973 0.0161133 0.0654297 
0 0.250322 0.571045 0.397949 0.0200195 0.0537109 
