3 0.828927 0.576172 0.420898 0.0576172 0.078125 
0 0.71414 0.117432 0.385742 0.0209961 0.103516 
0 0.648714 0.133301 0.383789 0.0205078 0.09375 
0 0.56728 0.42749 0.395508 0.0151367 0.0644531 
0 0.556718 0.39624 0.394043 0.0151367 0.0634766 
0 0.540505 0.146729 0.385254 0.0209961 0.0908203 
0 0.512829 0.459229 0.390625 0.0131836 0.0507812 
3 0.505585 0.490723 0.396973 0.0263672 0.0400391 
0 0.500464 0.522461 0.398926 0.0146484 0.0595703 
0 0.456417 0.163086 0.382324 0.0175781 0.0869141 
0 0.445672 0.316895 0.387207 0.0175781 0.0498047 
9 0.429189 0.427979 0.413574 0.0200195 0.0458984 
0 0.376201 0.539551 0.399902 0.0146484 0.0537109 
0 0.354556 0.385986 0.391602 0.0151367 0.0664062 
0 0.341426 0.446777 0.391602 0.0146484 0.0546875 
0 0.303316 0.178467 0.383789 0.0200195 0.0820312 
2 0.28215 0.428223 0.393066 0.0166016 0.0712891 
0 0.276114 0.415283 0.394043 0.0180664 0.0673828 
