2 0.857985 0.553955 0.417969 0.0375977 0.134766 
3 0.847171 0.207031 0.390137 0.112305 0.266602 
3 0.832325 0.108398 0.429199 0.0576172 0.0849609 
3 0.790034 0.0505371 0.442871 0.0834961 0.135742 
3 0.755219 0.283447 0.421875 0.0493164 0.0585938 
2 0.710921 0.611084 0.416016 0.0297852 0.126953 
9 0.692562 0.555176 0.446289 0.0576172 0.0722656 
9 0.624255 0.554199 0.444824 0.0439453 0.0556641 
2 0.597629 0.613525 0.401855 0.0219727 0.0888672 
3 0.575142 0.146729 0.417969 0.0209961 0.0410156 
2 0.5146 0.495117 0.416504 0.0498047 0.200195 
9 0.497836 0.483643 0.455078 0.065918 0.111328 
2 0.420521 0.552979 0.399902 0.0336914 0.0810547 
2 0.408233 0.464111 0.421875 0.0288086 0.0820312 
3 0.403946 0.114746 0.428711 0.0371094 0.0703125 
9 0.377362 0.612061 0.444336 0.0551758 0.0839844 
0 0.371136 0.613037 0.401367 0.0209961 0.0761719 
2 0.349646 0.501953 0.395508 0.0458984 0.154297 
2 0.312755 0.544189 0.419922 0.0493164 0.107422 
9 0.28676 0.604492 0.446289 0.0458984 0.0625 
9 0.281183 0.4646 0.441895 0.0463867 0.0810547 
9 0.277566 0.351074 0.424805 0.0263672 0.0449219 
3 0.268495 0.135254 0.419434 0.0224609 0.0458984 
2 0.261817 0.476562 0.416992 0.0400391 0.107422 
