3 0.697397 0.524902 0.410645 0.0244141 0.0419922 
3 0.582457 0.595703 0.425293 0.0595703 0.0830078 
3 0.553491 0.097168 0.400879 0.0478516 0.0498047 
2 0.46197 0.496582 0.421875 0.0302734 0.0820312 
9 0.381936 0.00610352 0.394043 0.0151367 0.0576172 
3 0.369 0.525391 0.40332 0.0302734 0.0390625 
3 0.36495 0.120361 0.402832 0.0317383 0.0361328 
3 0.340795 0.178223 0.398926 0.0263672 0.0419922 
2 0.321987 0.495605 0.424805 0.0214844 0.0683594 
3 0.277036 0.240234 0.388184 0.0273438 0.0302734 
3 0.265074 0.165283 0.393066 0.0405273 0.0478516 
3 0.251007 0.196045 0.39502 0.0288086 0.0361328 
3 0.697397 0.524902 0.410645 0.0244141 0.0419922 
3 0.582457 0.595703 0.425293 0.0595703 0.0830078 
3 0.553491 0.097168 0.400879 0.0478516 0.0498047 
2 0.46197 0.496582 0.421875 0.0302734 0.0820312 
9 0.381936 0.00610352 0.394043 0.0151367 0.0576172 
3 0.369 0.525391 0.40332 0.0302734 0.0390625 
3 0.36495 0.120361 0.402832 0.0317383 0.0361328 
3 0.340795 0.178223 0.398926 0.0263672 0.0419922 
2 0.321987 0.495605 0.424805 0.0214844 0.0683594 
3 0.277036 0.240234 0.388184 0.0273438 0.0302734 
3 0.265074 0.165283 0.393066 0.0405273 0.0478516 
3 0.251007 0.196045 0.39502 0.0288086 0.0361328 
