3 0.847549 0.25708 0.478027 0.11377 0.110352 
3 0.771772 0.333252 0.477051 0.0688477 0.0810547 
3 0.752029 0.47998 0.469727 0.152344 0.148438 
8 0.631924 0.545166 0.484375 0.0913086 0.148438 
3 0.592939 0.425293 0.466797 0.0703125 0.101562 
3 0.570574 0.369873 0.460449 0.0532227 0.0673828 
3 0.565113 0.952881 0.489258 0.074707 0.134766 
9 0.476327 0.92334 0.51123 0.0488281 0.129883 
3 0.420647 0.398682 0.45752 0.0405273 0.0576172 
9 0.360657 0.836914 0.508789 0.0683594 0.160156 
8 0.330831 0.836914 0.508789 0.0683594 0.160156 
8 0.310047 0.611328 0.479492 0.104492 0.164062 
3 0.298651 0.414551 0.458008 0.0517578 0.078125 
8 0.283561 0.63916 0.478516 0.0986328 0.164062 
10 0.280684 0.760254 0.486328 0.200195 0.177734 
8 0.278776 0.850098 0.491211 0.0722656 0.134766 
