3 0.85026 0.757568 0.477539 0.17041 0.191406 
3 0.74522 0.613525 0.417969 0.059082 0.111328 
3 0.677821 0.638672 0.432617 0.0644531 0.111328 
3 0.56923 0.554688 0.416504 0.0292969 0.0439453 
3 0.543156 0.491943 0.415527 0.0200195 0.0322266 
3 0.511177 0.541748 0.416992 0.0239258 0.0371094 
3 0.468046 0.475342 0.412109 0.0219727 0.03125 
3 0.463782 0.52124 0.414551 0.0317383 0.0400391 
3 0.438444 0.679199 0.444824 0.0673828 0.133789 
3 0.425073 0.508545 0.416016 0.0229492 0.0351562 
3 0.379231 0.462402 0.411133 0.0214844 0.0332031 
3 0.312688 0.971924 0.590332 0.0571289 0.336914 
3 0.302062 0.603271 0.426758 0.0483398 0.0878906 
6 0.287739 0.397705 0.387695 0.0405273 0.0488281 
