3 0.876665 0.264648 0.430176 0.0625 0.0849609 
3 0.852874 0.481201 0.420898 0.0551758 0.0800781 
3 0.852719 0.586426 0.404297 0.0595703 0.09375 
0 0.789928 0.80249 0.398926 0.0336914 0.188477 
3 0.74687 0.334961 0.430176 0.0263672 0.0478516 
3 0.745303 0.365234 0.429688 0.0224609 0.0332031 
0 0.672401 0.696533 0.397461 0.0375977 0.173828 
2 0.528658 0.696533 0.388672 0.0366211 0.179688 
0 0.521755 0.925049 0.384277 0.0239258 0.135742 
3 0.484032 0.304443 0.433105 0.0356445 0.0576172 
3 0.44299 0.352783 0.429199 0.0229492 0.0361328 
3 0.438098 0.321533 0.431641 0.0307617 0.046875 
0 0.430504 0.915283 0.389648 0.0297852 0.136719 
9 0.400412 0.651123 0.451172 0.0737305 0.101562 
3 0.35811 0.445557 0.397949 0.0170898 0.0283203 
10 0.316619 0.665771 0.45166 0.103027 0.110352 
0 0.314911 0.664795 0.391602 0.0395508 0.167969 
2 0.312142 0.664795 0.391602 0.0395508 0.167969 
3 0.261803 0.304199 0.44043 0.0253906 0.0605469 
2 0.252244 0.694336 0.415527 0.046875 0.180664 
