0 0.861555 0.287109 0.451172 0.0302734 0.140625 
3 0.770907 0.585938 0.51123 0.324219 0.540039 
0 0.768319 0.225098 0.422363 0.0224609 0.0771484 
0 0.763754 0.254395 0.450195 0.0244141 0.132812 
0 0.654037 0.322021 0.446777 0.0239258 0.118164 
3 0.608659 0.0229492 0.517578 0.0498047 0.300781 
3 0.56529 0.447998 0.415527 0.0268555 0.0458984 
0 0.547386 0.354248 0.443848 0.027832 0.12207 
0 0.528244 0.244873 0.447754 0.0249023 0.120117 
0 0.518856 0.363525 0.444336 0.027832 0.130859 
3 0.505644 0.415039 0.425781 0.0429688 0.0585938 
0 0.476567 0.304199 0.449707 0.0244141 0.110352 
0 0.476034 0.334717 0.443848 0.0258789 0.120117 
0 0.472705 0.385742 0.443359 0.0283203 0.130859 
0 0.467468 0.772949 0.423828 0.03125 0.119141 
3 0.463288 0.151367 0.496582 0.176758 0.18457 
0 0.433472 0.0986328 0.426758 0.0214844 0.0585938 
0 0.409257 0.746826 0.424805 0.0258789 0.132812 
3 0.381006 0.426514 0.422363 0.0327148 0.0458984 
0 0.340142 0.276855 0.450684 0.0273438 0.114258 
0 0.301979 0.253906 0.431641 0.0195312 0.0878906 
0 0.285857 0.240723 0.461914 0.0283203 0.130859 
9 0.280796 0.244629 0.479004 0.0361328 0.0849609 
0 0.270176 0.854736 0.355957 0.0288086 0.125977 
0 0.264028 0.808594 0.386719 0.0195312 0.0742188 
