3 0.830619 0.162598 0.460938 0.0927734 0.0917969 
0 0.759318 0.770264 0.445801 0.0395508 0.209961 
0 0.721126 0.615479 0.434082 0.0200195 0.0927734 
3 0.594476 0.336426 0.430176 0.0263672 0.0302734 
3 0.549615 0.216797 0.453613 0.0615234 0.0712891 
3 0.536496 0.320068 0.431641 0.034668 0.0351562 
0 0.488447 0.589844 0.434082 0.0175781 0.0849609 
0 0.463214 0.830322 0.452637 0.0463867 0.249023 
0 0.357841 0.636719 0.430664 0.0185547 0.0996094 
3 0.320178 0.347656 0.429199 0.015625 0.0244141 
0 0.305326 0.821289 0.44873 0.0400391 0.22168 
0 0.304263 0.507568 0.424316 0.0141602 0.0615234 
0 0.304237 0.191406 0.416504 0.015625 0.0458984 
0 0.303768 0.523438 0.416016 0.0146484 0.0605469 
3 0.263649 0.460693 0.434082 0.0209961 0.0283203 
0 0.262312 0.490234 0.426758 0.015625 0.0546875 
0 0.262115 0.727295 0.428223 0.0209961 0.0947266 
