3 0.908208 0.0739746 0.48291 0.147949 0.227539 
0 0.88759 0.706543 0.402344 0.03125 0.185547 
3 0.875896 0.430176 0.432617 0.0683594 0.115234 
3 0.658162 0.614258 0.418457 0.0498047 0.0908203 
3 0.540019 0.602051 0.42041 0.0449219 0.0869141 
8 0.522723 0.327881 0.428223 0.0708008 0.0947266 
8 0.518001 0.302002 0.443359 0.074707 0.078125 
3 0.397694 0.659424 0.431152 0.0834961 0.143555 
0 0.337393 0.335449 0.384277 0.0214844 0.0693359 
3 0.300424 0.584717 0.41748 0.0219727 0.0537109 
3 0.286737 0.630127 0.425781 0.0541992 0.105469 
3 0.908208 0.0739746 0.48291 0.147949 0.227539 
0 0.88759 0.706543 0.402344 0.03125 0.185547 
3 0.875896 0.430176 0.432617 0.0683594 0.115234 
3 0.658162 0.614258 0.418457 0.0498047 0.0908203 
3 0.540019 0.602051 0.42041 0.0449219 0.0869141 
8 0.522723 0.327881 0.428223 0.0708008 0.0947266 
8 0.518001 0.302002 0.443359 0.074707 0.078125 
3 0.397694 0.659424 0.431152 0.0834961 0.143555 
0 0.337393 0.335449 0.384277 0.0214844 0.0693359 
3 0.300424 0.584717 0.41748 0.0219727 0.0537109 
3 0.286737 0.630127 0.425781 0.0541992 0.105469 
