0 0.880152 0.366455 0.407715 0.034668 0.165039 
0 0.87736 0.166504 0.463867 0.0537109 0.269531 
0 0.798466 0.486816 0.413574 0.0361328 0.149414 
0 0.773781 0.142578 0.459473 0.0478516 0.235352 
0 0.625039 0.13208 0.451172 0.0385742 0.244141 
0 0.558696 0.381348 0.415527 0.0253906 0.141602 
0 0.556554 0.508301 0.397461 0.0146484 0.0625 
0 0.471597 0.630371 0.394531 0.0205078 0.078125 
5 0.464206 0.569092 0.368164 0.081543 0.0996094 
0 0.433315 0.199219 0.455566 0.0458984 0.186523 
0 0.420017 0.18042 0.456055 0.0532227 0.263672 
0 0.39382 0.424072 0.396973 0.0336914 0.157227 
0 0.382266 0.830322 0.409668 0.0493164 0.233398 
0 0.293877 0.897217 0.394531 0.0405273 0.25 
0 0.286753 0.741699 0.395996 0.0283203 0.12207 
0 0.252289 0.490723 0.399414 0.0263672 0.117188 
