3 0.915412 0.490234 0.389648 0.0976562 0.0898438 
0 0.691403 0.666016 0.369141 0.0166016 0.0859375 
0 0.55905 0.68042 0.369141 0.0170898 0.0820312 
9 0.54008 0.61499 0.418945 0.059082 0.0761719 
9 0.508133 0.555664 0.424805 0.0478516 0.0722656 
3 0.483838 0.179688 0.45459 0.164062 0.180664 
3 0.480522 0.291992 0.409668 0.0908203 0.0966797 
10 0.420037 0.332031 0.466309 0.0898438 0.151367 
3 0.419669 0.586914 0.38623 0.0654297 0.0654297 
0 0.417772 0.898193 0.363281 0.0141602 0.0585938 
0 0.403186 0.959473 0.40332 0.03125 0.134766 
9 0.39347 0.567383 0.418457 0.0371094 0.0693359 
0 0.334231 0.884033 0.363281 0.0161133 0.0605469 
9 0.304114 0.539062 0.430176 0.0449219 0.0751953 
8 0.302787 0.772217 0.379883 0.0483398 0.046875 
0 0.268247 0.634033 0.368652 0.0151367 0.0771484 
9 0.260155 0.351318 0.453613 0.0825195 0.12207 
