0 0.904472 0.851562 0.45752 0.0615234 0.331055 
0 0.821885 0.817627 0.421387 0.0200195 0.147461 
3 0.818678 0.592773 0.395996 0.350586 0.286133 
0 0.76771 0.786377 0.410645 0.0180664 0.0986328 
3 0.629498 0.395508 0.418457 0.0341797 0.0498047 
0 0.564728 0.930176 0.394043 0.0214844 0.112305 
0 0.511652 0.807129 0.418945 0.0244141 0.132812 
3 0.473463 0.385742 0.418945 0.0292969 0.0449219 
2 0.435788 0.956299 0.399902 0.0258789 0.0986328 
2 0.352284 0.94751 0.395996 0.0229492 0.0947266 
0 0.337135 0.757568 0.415039 0.0170898 0.0644531 
9 0.307797 0.956787 0.417969 0.0375977 0.0683594 
