3 0.868359 0.915527 0.5625 0.179688 0.332031 
3 0.864565 0.52124 0.429199 0.100098 0.163086 
3 0.816776 0.0498047 0.478027 0.104492 0.204102 
3 0.810899 0.732422 0.425293 0.131836 0.137695 
3 0.721982 0.228271 0.447266 0.115723 0.105469 
3 0.697805 0.828369 0.45459 0.20752 0.208008 
3 0.678876 0.116699 0.458984 0.160156 0.162109 
3 0.61807 0.268799 0.425781 0.0864258 0.0957031 
3 0.601186 0.204102 0.453613 0.107422 0.120117 
3 0.582298 0.42749 0.395508 0.0200195 0.0292969 
9 0.576679 0.605713 0.486816 0.0307617 0.12207 
2 0.533964 0.606201 0.414062 0.0473633 0.220703 
3 0.52177 0.668945 0.430176 0.09375 0.133789 
3 0.493956 0.0234375 0.521973 0.0488281 0.233398 
3 0.447412 0.379883 0.402344 0.0302734 0.0449219 
9 0.421627 0.606201 0.463379 0.0405273 0.166992 
3 0.402124 0.287842 0.42334 0.0405273 0.0908203 
3 0.39174 0.726318 0.447754 0.105957 0.137695 
3 0.35306 0.416504 0.398926 0.0244141 0.0283203 
3 0.349723 0.893066 0.52832 0.137695 0.220703 
3 0.304645 0.240723 0.427734 0.104492 0.0996094 
3 0.303716 0.178467 0.459961 0.0795898 0.123047 
3 0.273434 0.370361 0.402832 0.027832 0.0439453 
3 0.267948 0.164551 0.397949 0.0556641 0.0458984 
9 0.267753 0.611572 0.484375 0.0307617 0.150391 
