3 0.88484 0.263672 0.515137 0.231445 0.299805 
3 0.861134 0.394531 0.448242 0.102539 0.138672 
0 0.750397 0.104736 0.444824 0.0200195 0.0947266 
3 0.714474 0.0222168 0.508789 0.050293 0.205078 
3 0.649207 0.162354 0.472656 0.0805664 0.128906 
3 0.38095 0.162842 0.458984 0.0639648 0.0957031 
3 0.377741 0.465088 0.401855 0.0258789 0.0302734 
3 0.368396 0.540283 0.379883 0.0161133 0.0273438 
3 0.366205 0.150146 0.486816 0.0600586 0.114258 
0 0.351999 0.695312 0.396973 0.0263672 0.0966797 
3 0.307639 0.4729 0.40332 0.0288086 0.0273438 
3 0.305701 0.553223 0.380859 0.0205078 0.0253906 
3 0.299952 0.505371 0.400879 0.0214844 0.0380859 
3 0.289231 0.588623 0.383789 0.0180664 0.03125 
0 0.28359 0.658936 0.397461 0.019043 0.0976562 
0 0.266834 0.652832 0.398438 0.0214844 0.09375 
