3 0.895172 0.857178 0.426758 0.277832 0.523438 
0 0.88279 0.63916 0.415527 0.0371094 0.211914 
3 0.87567 0.411133 0.452637 0.131836 0.149414 
0 0.759453 0.136475 0.454102 0.0415039 0.222656 
0 0.59319 0.650146 0.413086 0.0375977 0.230469 
0 0.469789 0.668213 0.410645 0.0336914 0.198242 
0 0.462687 0.144043 0.449219 0.0302734 0.177734 
3 0.461986 0.221924 0.446777 0.13916 0.106445 
0 0.426263 0.678955 0.395508 0.0356445 0.164062 
0 0.421771 0.633057 0.399902 0.0288086 0.172852 
2 0.36608 0.711182 0.38623 0.0522461 0.180664 
0 0.331321 0.489014 0.418945 0.019043 0.0820312 
1 0.253911 0.0476074 0.428223 0.0581055 0.143555 
