3 0.868889 0.553223 0.394043 0.113281 0.125977 
3 0.765466 0.476562 0.365234 0.0673828 0.0683594 
0 0.742763 0.177734 0.379395 0.0292969 0.147461 
3 0.658501 0.895996 0.507812 0.207031 0.34375 
0 0.635585 0.241699 0.382812 0.0332031 0.144531 
0 0.530919 0.050293 0.371094 0.0195312 0.0957031 
0 0.509497 0.290283 0.37207 0.027832 0.132812 
0 0.494663 0.208252 0.379883 0.0297852 0.152344 
0 0.462201 0.736328 0.367188 0.0244141 0.0957031 
0 0.411735 0.369629 0.371094 0.0273438 0.130859 
0 0.394165 0.144043 0.383301 0.0371094 0.12793 
3 0.348094 0.491699 0.360352 0.0732422 0.0625 
0 0.338919 0.0544434 0.380859 0.0229492 0.0722656 
0 0.330091 0.416016 0.371094 0.0166016 0.0644531 
0 0.319071 0.199707 0.381348 0.03125 0.141602 
0 0.302338 0.380127 0.371582 0.0229492 0.110352 
0 0.301887 0.00976562 0.381836 0.0166016 0.0761719 
0 0.290952 0.257812 0.38623 0.0244141 0.118164 
0 0.286554 0.168945 0.381836 0.0410156 0.158203 
0 0.27452 0.274902 0.371582 0.0263672 0.12793 
0 0.251835 0.426758 0.368652 0.0185547 0.0615234 
