0 0.790787 0.519287 0.456055 0.065918 0.324219 
0 0.637995 0.308594 0.446777 0.0439453 0.208008 
0 0.633748 0.379395 0.450195 0.0576172 0.267578 
0 0.580233 0.44165 0.425293 0.059082 0.334961 
0 0.507533 0.415039 0.440918 0.0771484 0.286133 
0 0.462421 0.430908 0.42334 0.0571289 0.272461 
0 0.46097 0.370117 0.42627 0.0488281 0.243164 
0 0.346381 0.416748 0.42627 0.0444336 0.243164 
0 0.790787 0.519287 0.456055 0.065918 0.324219 
0 0.637995 0.308594 0.446777 0.0439453 0.208008 
0 0.633748 0.379395 0.450195 0.0576172 0.267578 
0 0.580233 0.44165 0.425293 0.059082 0.334961 
0 0.507533 0.415039 0.440918 0.0771484 0.286133 
0 0.462421 0.430908 0.42334 0.0571289 0.272461 
0 0.46097 0.370117 0.42627 0.0488281 0.243164 
0 0.346381 0.416748 0.42627 0.0444336 0.243164 
0 0.790787 0.519287 0.456055 0.065918 0.324219 
0 0.637995 0.308594 0.446777 0.0439453 0.208008 
0 0.633748 0.379395 0.450195 0.0576172 0.267578 
0 0.580233 0.44165 0.425293 0.059082 0.334961 
0 0.507533 0.415039 0.440918 0.0771484 0.286133 
0 0.462421 0.430908 0.42334 0.0571289 0.272461 
0 0.46097 0.370117 0.42627 0.0488281 0.243164 
0 0.346381 0.416748 0.42627 0.0444336 0.243164 
