3 0.895715 0.733154 0.445312 0.182129 0.171875 
0 0.828515 0.83252 0.396484 0.0244141 0.0859375 
0 0.777146 0.553711 0.410645 0.0146484 0.0810547 
0 0.776224 0.197998 0.395508 0.0288086 0.0839844 
0 0.733176 0.537354 0.412109 0.019043 0.107422 
0 0.717353 0.346924 0.399902 0.0200195 0.0673828 
10 0.71631 0.207275 0.487305 0.17627 0.222656 
0 0.699017 0.224609 0.386719 0.0244141 0.105469 
0 0.694875 0.665039 0.389648 0.0166016 0.0546875 
0 0.683376 0.885742 0.38623 0.0478516 0.19043 
9 0.59769 0.633545 0.444824 0.0229492 0.0556641 
0 0.548591 0.791016 0.383789 0.0185547 0.0664062 
0 0.512639 0.49585 0.411133 0.0219727 0.113281 
3 0.472524 0.934082 0.508301 0.125977 0.358398 
2 0.438565 0.600098 0.415527 0.0302734 0.102539 
0 0.419904 0.242432 0.38916 0.0180664 0.0732422 
0 0.413179 0.147217 0.39209 0.0268555 0.104492 
0 0.404828 0.207764 0.391602 0.0268555 0.0917969 
0 0.397587 0.664551 0.391113 0.0214844 0.0791016 
0 0.392666 0.89624 0.362305 0.0424805 0.167969 
0 0.38004 0.527832 0.412598 0.0195312 0.0966797 
0 0.377516 0.397705 0.412598 0.0200195 0.0712891 
0 0.341411 0.231445 0.400391 0.0400391 0.15625 
8 0.333119 0.838135 0.480957 0.0854492 0.141602 
0 0.331653 0.341553 0.399414 0.0200195 0.0703125 
0 0.325402 0.254883 0.399414 0.0214844 0.0546875 
10 0.317443 0.369141 0.455078 0.104492 0.0878906 
9 0.307309 0.381348 0.453125 0.0664062 0.0820312 
2 0.300528 0.582764 0.401367 0.0288086 0.0859375 
2 0.275862 0.633301 0.42627 0.0244141 0.0771484 
8 0.257585 0.852051 0.47998 0.0996094 0.18457 
