3 0.72596 0.283447 0.462402 0.119629 0.15332 
3 0.540351 0.355469 0.424805 0.0390625 0.0488281 
3 0.538113 0.440674 0.416992 0.0493164 0.0761719 
3 0.471353 0.425781 0.406738 0.0634766 0.0888672 
3 0.281634 0.383545 0.397949 0.0366211 0.0810547 
3 0.72596 0.283447 0.462402 0.119629 0.15332 
3 0.540351 0.355469 0.424805 0.0390625 0.0488281 
3 0.538113 0.440674 0.416992 0.0493164 0.0761719 
3 0.471353 0.425781 0.406738 0.0634766 0.0888672 
3 0.281634 0.383545 0.397949 0.0366211 0.0810547 
3 0.72596 0.283447 0.462402 0.119629 0.15332 
3 0.540351 0.355469 0.424805 0.0390625 0.0488281 
3 0.538113 0.440674 0.416992 0.0493164 0.0761719 
3 0.471353 0.425781 0.406738 0.0634766 0.0888672 
3 0.281634 0.383545 0.397949 0.0366211 0.0810547 
