0 0.903123 0.829102 0.472168 0.0869141 0.348633 
0 0.89429 0.454102 0.466797 0.0517578 0.238281 
0 0.735609 0.367188 0.455078 0.0302734 0.158203 
0 0.707491 0.578613 0.482422 0.09375 0.453125 
0 0.665852 0.671387 0.446777 0.0419922 0.225586 
0 0.64353 0.741455 0.420898 0.0288086 0.158203 
0 0.598248 0.795898 0.45166 0.0654297 0.307617 
0 0.577126 0.271973 0.480957 0.0986328 0.407227 
0 0.547844 0.612793 0.460449 0.0761719 0.334961 
0 0.497865 0.479248 0.472656 0.0551758 0.242188 
0 0.477032 0.544678 0.516113 0.11084 0.444336 
0 0.46139 0.693848 0.424316 0.0244141 0.139648 
0 0.450309 0.770752 0.422363 0.0258789 0.147461 
0 0.445301 0.611572 0.413574 0.0581055 0.280273 
0 0.405686 0.520996 0.479004 0.100586 0.418945 
0 0.363133 0.791504 0.42627 0.0400391 0.233398 
9 0.359976 0.911621 0.510742 0.142578 0.207031 
10 0.3219 0.910156 0.482422 0.143555 0.244141 
0 0.320735 0.381836 0.456055 0.0273438 0.146484 
0 0.287769 0.234131 0.468262 0.0893555 0.467773 
0 0.272723 0.4104 0.45166 0.0209961 0.110352 
0 0.265177 0.429443 0.452148 0.0180664 0.101562 
0 0.257196 0.229248 0.405273 0.0581055 0.322266 
