9 0.669574 0.304199 0.45459 0.0361328 0.102539 
0 0.601148 0.682617 0.385254 0.0253906 0.133789 
0 0.593992 0.0515137 0.452148 0.0297852 0.115234 
0 0.515289 0.135986 0.426758 0.0366211 0.103516 
9 0.419009 0.557129 0.415527 0.0429688 0.0615234 
0 0.406039 0.82373 0.400391 0.0361328 0.199219 
0 0.397726 0.890869 0.455566 0.0463867 0.194336 
0 0.390366 0.879883 0.447266 0.0361328 0.166016 
0 0.380653 0.912842 0.448242 0.0375977 0.171875 
0 0.378503 0.00830078 0.450684 0.0185547 0.114258 
0 0.353528 0.69165 0.382812 0.0327148 0.136719 
0 0.320614 0.136719 0.449707 0.0517578 0.12793 
9 0.291365 0.568359 0.414551 0.0498047 0.0712891 
0 0.267173 0.660645 0.393066 0.0253906 0.106445 
0 0.255592 0.0422363 0.45752 0.043457 0.104492 
