3 0.926211 0.881592 0.540039 0.237793 0.394531 
3 0.879632 0.199463 0.525391 0.247559 0.314453 
3 0.86226 0.323486 0.475098 0.124512 0.206055 
3 0.835648 0.791016 0.464844 0.193359 0.302734 
3 0.782633 0.447021 0.42627 0.0405273 0.0888672 
3 0.771203 0.38208 0.456543 0.0708008 0.143555 
3 0.748844 0.609863 0.441895 0.0556641 0.102539 
3 0.690151 0.710205 0.388184 0.20166 0.331055 
3 0.682576 0.416748 0.444336 0.0561523 0.113281 
3 0.518355 0.584229 0.427246 0.0463867 0.0830078 
3 0.51757 0.555908 0.419434 0.0297852 0.0576172 
3 0.449152 0.571533 0.425781 0.0415039 0.0742188 
3 0.344761 0.459717 0.421387 0.0258789 0.0693359 
