0 0.868577 0.864502 0.41748 0.0454102 0.186523 
0 0.795326 0.383301 0.421387 0.0419922 0.182617 
3 0.743776 0.525146 0.446777 0.0952148 0.137695 
3 0.661754 0.571533 0.411133 0.0649414 0.0839844 
0 0.632745 0.328369 0.406738 0.0551758 0.243164 
0 0.604989 0.792725 0.417969 0.0288086 0.121094 
0 0.50534 0.286377 0.386719 0.0317383 0.193359 
0 0.500982 0.769287 0.422852 0.0258789 0.0996094 
3 0.469404 0.571045 0.396484 0.0541992 0.0644531 
3 0.433918 0.584473 0.416992 0.046875 0.0800781 
0 0.408205 0.276123 0.388672 0.0336914 0.193359 
10 0.383404 0.301025 0.476562 0.122559 0.166016 
0 0.36228 0.348633 0.417969 0.0332031 0.185547 
0 0.33398 0.338623 0.391602 0.0463867 0.197266 
3 0.324569 0.547607 0.427734 0.0932617 0.115234 
0 0.255479 0.292969 0.404785 0.0537109 0.227539 
