3 0.919901 0.918457 0.419434 0.0664062 0.100586 
3 0.907571 0.806885 0.428223 0.090332 0.12207 
3 0.873552 0.452881 0.452148 0.097168 0.138672 
3 0.773845 0.527832 0.446289 0.0839844 0.0976562 
3 0.769019 0.648438 0.427246 0.0585938 0.0615234 
3 0.753646 0.663574 0.421875 0.0478516 0.0546875 
8 0.740164 0.287598 0.481934 0.0888672 0.137695 
3 0.701739 0.710449 0.417969 0.0302734 0.046875 
3 0.659305 0.726318 0.413086 0.0229492 0.0410156 
3 0.623082 0.696533 0.42041 0.0375977 0.0498047 
3 0.600879 0.884766 0.412109 0.0205078 0.0507812 
3 0.597697 0.635498 0.430664 0.0620117 0.0585938 
3 0.545341 0.741943 0.410645 0.0200195 0.0361328 
3 0.54183 0.590088 0.432617 0.074707 0.0644531 
3 0.428706 0.679688 0.421387 0.0371094 0.0517578 
4 0.352804 0.851562 0.397461 0.0244141 0.0332031 
4 0.262693 0.865967 0.402344 0.0219727 0.0371094 
3 0.258317 0.757568 0.410156 0.0200195 0.03125 
