3 0.883362 0.614258 0.532227 0.293945 0.486328 
3 0.868766 0.918945 0.515137 0.164062 0.407227 
0 0.852493 0.0839844 0.452148 0.046875 0.214844 
9 0.844931 0.353027 0.463379 0.0947266 0.12207 
2 0.75905 0.35498 0.412109 0.0605469 0.183594 
2 0.672189 0.273193 0.411133 0.019043 0.0703125 
3 0.541641 0.818115 0.421875 0.108887 0.107422 
3 0.468856 0.316895 0.410156 0.0371094 0.0546875 
2 0.434923 0.274658 0.399414 0.0239258 0.0800781 
9 0.429099 0.463623 0.464355 0.0786133 0.106445 
3 0.427674 0.422363 0.42627 0.0703125 0.0869141 
3 0.313474 0.305176 0.410645 0.0332031 0.0498047 
9 0.283329 0.272217 0.412598 0.0180664 0.0654297 
3 0.276533 0.398193 0.416016 0.0522461 0.0585938 
3 0.263161 0.756348 0.423828 0.0390625 0.0585938 
3 0.2551 0.290039 0.401855 0.0322266 0.0498047 
2 0.252339 0.471924 0.42334 0.0532227 0.172852 
