3 0.876085 0.714111 0.413574 0.127441 0.231445 
3 0.80776 0.605713 0.428711 0.0268555 0.046875 
3 0.784962 0.303467 0.430664 0.0385742 0.0546875 
3 0.743759 0.504883 0.425781 0.0361328 0.0429688 
3 0.721707 0.55127 0.425781 0.0273438 0.0429688 
3 0.592951 0.0686035 0.438965 0.0561523 0.0673828 
3 0.582213 0.632812 0.428223 0.0488281 0.0712891 
3 0.514205 0.493652 0.424316 0.0302734 0.0419922 
3 0.490246 0.660645 0.447754 0.0351562 0.0888672 
3 0.475815 0.221436 0.433594 0.0288086 0.03125 
3 0.471764 0.542725 0.427246 0.0249023 0.0380859 
3 0.300937 0.521484 0.426758 0.0205078 0.03125 
3 0.876085 0.714111 0.413574 0.127441 0.231445 
3 0.80776 0.605713 0.428711 0.0268555 0.046875 
3 0.784962 0.303467 0.430664 0.0385742 0.0546875 
3 0.743759 0.504883 0.425781 0.0361328 0.0429688 
3 0.721707 0.55127 0.425781 0.0273438 0.0429688 
3 0.592951 0.0686035 0.438965 0.0561523 0.0673828 
3 0.582213 0.632812 0.428223 0.0488281 0.0712891 
3 0.514205 0.493652 0.424316 0.0302734 0.0419922 
3 0.490246 0.660645 0.447754 0.0351562 0.0888672 
3 0.475815 0.221436 0.433594 0.0288086 0.03125 
3 0.471764 0.542725 0.427246 0.0249023 0.0380859 
3 0.300937 0.521484 0.426758 0.0205078 0.03125 
