3 0.883884 0.416504 0.523438 0.125 0.175781 
0 0.838946 0.770752 0.47998 0.0717773 0.293945 
0 0.616359 0.555176 0.506836 0.0458984 0.261719 
0 0.563558 0.494141 0.478516 0.0214844 0.0644531 
9 0.500502 0.793213 0.518555 0.0922852 0.167969 
0 0.497145 0.275635 0.512695 0.034668 0.205078 
0 0.434339 0.975586 0.423828 0.0341797 0.146484 
0 0.433504 0.588867 0.492676 0.0507812 0.270508 
0 0.428935 0.802979 0.456055 0.0297852 0.158203 
0 0.405078 0.834961 0.447266 0.0292969 0.123047 
3 0.368868 0.665527 0.486328 0.0507812 0.0839844 
0 0.363859 0.630615 0.480469 0.0151367 0.0644531 
0 0.336494 0.786865 0.483398 0.059082 0.279297 
0 0.334808 0.285156 0.506836 0.0332031 0.195312 
0 0.327749 0.946289 0.424805 0.0322266 0.150391 
0 0.300785 0.802246 0.478516 0.0488281 0.214844 
0 0.283315 0.949951 0.451172 0.0415039 0.15625 
