3 0.864447 0.445801 0.422363 0.0654297 0.0947266 
0 0.827918 0.171143 0.462891 0.0756836 0.488281 
3 0.741526 0.680664 0.398926 0.0253906 0.0380859 
3 0.653463 0.38501 0.393066 0.0805664 0.192383 
9 0.652709 0.225342 0.573242 0.193848 0.318359 
3 0.54935 0.744385 0.402344 0.0463867 0.0625 
3 0.502783 0.64917 0.399902 0.027832 0.0322266 
3 0.498895 0.881836 0.433594 0.176758 0.115234 
3 0.408254 0.663818 0.397949 0.0229492 0.0302734 
9 0.391515 0.235352 0.54248 0.143555 0.24707 
3 0.309567 0.568115 0.397461 0.0249023 0.0273438 
0 0.291027 0.758789 0.0200195 0.0185547 0.0400391 
9 0.273476 0.179443 0.534668 0.120605 0.333008 
2 0.261839 0.619141 0.398926 0.0175781 0.0458984 
3 0.864447 0.445801 0.422363 0.0654297 0.0947266 
0 0.827918 0.171143 0.462891 0.0756836 0.488281 
3 0.741526 0.680664 0.398926 0.0253906 0.0380859 
3 0.653463 0.38501 0.393066 0.0805664 0.192383 
9 0.652709 0.225342 0.573242 0.193848 0.318359 
3 0.54935 0.744385 0.402344 0.0463867 0.0625 
3 0.502783 0.64917 0.399902 0.027832 0.0322266 
3 0.498895 0.881836 0.433594 0.176758 0.115234 
3 0.408254 0.663818 0.397949 0.0229492 0.0302734 
9 0.391515 0.235352 0.54248 0.143555 0.24707 
3 0.309567 0.568115 0.397461 0.0249023 0.0273438 
0 0.291027 0.758789 0.0200195 0.0185547 0.0400391 
9 0.273476 0.179443 0.534668 0.120605 0.333008 
2 0.261839 0.619141 0.398926 0.0175781 0.0458984 
