3 0.946793 0.296631 0.469727 0.185059 0.275391 
3 0.920213 0.431885 0.424805 0.0600586 0.0917969 
3 0.853032 0.93042 0.388184 0.119629 0.100586 
3 0.836183 0.384033 0.450684 0.0756836 0.133789 
3 0.76842 0.106445 0.450195 0.0996094 0.121094 
0 0.760759 0.605225 0.39209 0.0209961 0.0947266 
3 0.719562 0.0527344 0.48291 0.102539 0.28418 
0 0.652312 0.679199 0.386719 0.0283203 0.126953 
3 0.618765 0.18457 0.459473 0.111328 0.165039 
0 0.556717 0.672852 0.394531 0.0302734 0.142578 
0 0.522851 0.638184 0.385742 0.0263672 0.125 
0 0.473512 0.667236 0.388672 0.0200195 0.113281 
2 0.365042 0.821777 0.450684 0.0361328 0.178711 
8 0.295923 0.821777 0.481934 0.03125 0.155273 
0 0.261589 0.643555 0.385254 0.0244141 0.112305 
3 0.946793 0.296631 0.469727 0.185059 0.275391 
3 0.920213 0.431885 0.424805 0.0600586 0.0917969 
3 0.853032 0.93042 0.388184 0.119629 0.100586 
3 0.836183 0.384033 0.450684 0.0756836 0.133789 
3 0.76842 0.106445 0.450195 0.0996094 0.121094 
0 0.760759 0.605225 0.39209 0.0209961 0.0947266 
3 0.719562 0.0527344 0.48291 0.102539 0.28418 
0 0.652312 0.679199 0.386719 0.0283203 0.126953 
3 0.618765 0.18457 0.459473 0.111328 0.165039 
0 0.556717 0.672852 0.394531 0.0302734 0.142578 
0 0.522851 0.638184 0.385742 0.0263672 0.125 
0 0.473512 0.667236 0.388672 0.0200195 0.113281 
2 0.365042 0.821777 0.450684 0.0361328 0.178711 
8 0.295923 0.821777 0.481934 0.03125 0.155273 
0 0.261589 0.643555 0.385254 0.0244141 0.112305 
3 0.946793 0.296631 0.469727 0.185059 0.275391 
3 0.920213 0.431885 0.424805 0.0600586 0.0917969 
3 0.853032 0.93042 0.388184 0.119629 0.100586 
3 0.836183 0.384033 0.450684 0.0756836 0.133789 
3 0.76842 0.106445 0.450195 0.0996094 0.121094 
0 0.760759 0.605225 0.39209 0.0209961 0.0947266 
3 0.719562 0.0527344 0.48291 0.102539 0.28418 
0 0.652312 0.679199 0.386719 0.0283203 0.126953 
3 0.618765 0.18457 0.459473 0.111328 0.165039 
0 0.556717 0.672852 0.394531 0.0302734 0.142578 
0 0.522851 0.638184 0.385742 0.0263672 0.125 
0 0.473512 0.667236 0.388672 0.0200195 0.113281 
2 0.365042 0.821777 0.450684 0.0361328 0.178711 
8 0.295923 0.821777 0.481934 0.03125 0.155273 
0 0.261589 0.643555 0.385254 0.0244141 0.112305 
