0 0.83176 0.782959 0.364258 0.0200195 0.113281 
0 0.807357 0.184814 0.390625 0.0336914 0.181641 
3 0.798533 0.476074 0.38916 0.0419922 0.0771484 
0 0.789574 0.391602 0.476074 0.0820312 0.467773 
3 0.759439 0.44458 0.393066 0.0610352 0.108398 
0 0.742903 0.270264 0.449219 0.118652 0.496094 
0 0.71149 0.140381 0.39502 0.0297852 0.151367 
3 0.686778 0.536621 0.380859 0.0341797 0.0507812 
0 0.674229 0.0568848 0.439941 0.0834961 0.364258 
0 0.629417 0.889404 0.471191 0.122559 0.545898 
0 0.617912 0.678711 0.362793 0.0205078 0.0830078 
0 0.59645 0.943359 0.363281 0.03125 0.166016 
2 0.573052 0.738525 0.363281 0.027832 0.130859 
0 0.547475 0.97998 0.367188 0.0371094 0.228516 
0 0.541684 0.778564 0.361816 0.0249023 0.0908203 
9 0.510328 0.827393 0.480469 0.118652 0.251953 
0 0.48037 0.663574 0.367188 0.0175781 0.0839844 
0 0.466376 0.614258 0.423828 0.0742188 0.398438 
0 0.463428 0.338623 0.464355 0.0698242 0.413086 
0 0.462687 0.615234 0.456055 0.107422 0.525391 
2 0.43941 0.817627 0.361816 0.0385742 0.172852 
2 0.418231 0.729004 0.36084 0.0292969 0.131836 
0 0.418052 0.356445 0.464844 0.0761719 0.447266 
0 0.412336 0.689697 0.359375 0.019043 0.078125 
0 0.383832 0.72876 0.36377 0.0307617 0.12207 
2 0.382073 0.741699 0.383789 0.0390625 0.111328 
0 0.373084 0.759277 0.361328 0.0205078 0.115234 
2 0.366021 0.826904 0.395508 0.0620117 0.351562 
9 0.359432 0.663818 0.387695 0.0209961 0.0546875 
0 0.348471 0.739258 0.36377 0.0253906 0.112305 
0 0.340075 0.888672 0.41748 0.0839844 0.432617 
3 0.340053 0.505127 0.381836 0.0239258 0.0371094 
0 0.315195 0.741211 0.370117 0.0429688 0.126953 
3 0.308046 0.552734 0.364746 0.0302734 0.0478516 
3 0.264733 0.492188 0.385742 0.0263672 0.0585938 
