3 0.925658 0.586426 0.39502 0.0302734 0.0517578 
3 0.836089 0.134766 0.463867 0.266602 0.279297 
3 0.81855 0.389648 0.401855 0.0507812 0.104492 
3 0.809483 0.305664 0.404297 0.150391 0.21875 
3 0.796445 0.526367 0.432129 0.0996094 0.143555 
3 0.767633 0.631592 0.403809 0.0629883 0.0830078 
0 0.636754 0.267334 0.410645 0.0405273 0.213867 
3 0.571644 0.450195 0.388672 0.0263672 0.0410156 
3 0.406774 0.571045 0.391113 0.0180664 0.0341797 
3 0.380352 0.60083 0.398438 0.0268555 0.0566406 
3 0.364723 0.458008 0.39209 0.0253906 0.0361328 
3 0.356028 0.398193 0.401367 0.0493164 0.0839844 
3 0.340444 0.411865 0.401367 0.0317383 0.0683594 
0 0.335633 0.180664 0.327637 0.0224609 0.0537109 
0 0.330727 0.212646 0.36084 0.043457 0.0830078 
3 0.306419 0.476318 0.39502 0.019043 0.0224609 
0 0.302697 0.225098 0.364258 0.0322266 0.0820312 
0 0.300095 0.880371 0.370117 0.0263672 0.0957031 
0 0.283657 0.243164 0.39502 0.0253906 0.0947266 
0 0.279917 0.134033 0.322266 0.0170898 0.0546875 
