3 0.931874 0.485107 0.425293 0.0698242 0.112305 
0 0.833312 0.81958 0.424805 0.0336914 0.171875 
0 0.687474 0.784668 0.418945 0.0361328 0.195312 
2 0.519941 0.573242 0.417969 0.0341797 0.126953 
0 0.445744 0.62085 0.397461 0.0209961 0.078125 
9 0.386607 0.711182 0.422852 0.0336914 0.0761719 
0 0.381725 0.62085 0.416504 0.0288086 0.114258 
3 0.378021 0.442383 0.40918 0.0283203 0.0488281 
0 0.321948 0.756592 0.419434 0.0219727 0.0888672 
3 0.270919 0.431885 0.411133 0.0327148 0.0449219 
0 0.260361 0.573486 0.412109 0.0288086 0.140625 
