3 0.912998 0.197998 0.453613 0.13916 0.165039 
3 0.840568 0.303711 0.423828 0.0898438 0.15625 
3 0.714775 0.447021 0.42041 0.0444336 0.0947266 
3 0.705527 0.416992 0.434082 0.0771484 0.100586 
2 0.587237 0.744873 0.42041 0.0209961 0.0654297 
3 0.550911 0.368652 0.42334 0.0400391 0.0673828 
3 0.540973 0.351562 0.431152 0.046875 0.0888672 
3 0.4926 0.529785 0.40625 0.0585938 0.128906 
3 0.4403 0.0610352 0.510742 0.125 0.267578 
3 0.329794 0.378418 0.419434 0.0341797 0.0693359 
3 0.315964 0.533691 0.431641 0.0712891 0.109375 
3 0.304321 0.378662 0.395996 0.027832 0.0361328 
3 0.29126 0.339844 0.427734 0.0556641 0.0898438 
3 0.284451 0.457764 0.416504 0.0336914 0.0791016 
3 0.260292 0.508789 0.416992 0.0224609 0.0625 
