3 0.911134 0.793945 0.473145 0.125977 0.200195 
3 0.864783 0.665771 0.428223 0.0668945 0.112305 
3 0.843713 0.157471 0.469238 0.122559 0.225586 
3 0.826615 0.368896 0.401367 0.0307617 0.0390625 
3 0.815967 0.72876 0.447266 0.10791 0.173828 
3 0.79809 0.28833 0.428711 0.0717773 0.130859 
3 0.762874 0.894775 0.512207 0.180176 0.383789 
3 0.731231 0.0593262 0.514648 0.116699 0.318359 
3 0.656696 0.955322 0.539062 0.090332 0.457031 
3 0.63403 0.334473 0.427246 0.0498047 0.0986328 
3 0.614035 0.23877 0.442383 0.0976562 0.167969 
3 0.574105 0.573486 0.410645 0.0288086 0.0439453 
3 0.523239 0.44458 0.401367 0.034668 0.0449219 
3 0.505532 0.459473 0.400391 0.0214844 0.0332031 
3 0.467145 0.540283 0.401367 0.0180664 0.0253906 
3 0.38364 0.430664 0.402832 0.0234375 0.0341797 
3 0.335583 0.47583 0.399414 0.019043 0.0253906 
3 0.313836 0.381348 0.401855 0.0292969 0.0380859 
3 0.280206 0.489746 0.397949 0.0185547 0.0244141 
