3 0.790731 0.350342 0.442383 0.109863 0.109375 
3 0.699823 0.461914 0.44043 0.0234375 0.0292969 
0 0.676504 0.678955 0.441895 0.0385742 0.225586 
3 0.567539 0.413086 0.444824 0.0410156 0.0498047 
0 0.565671 0.644775 0.443848 0.0229492 0.145508 
0 0.499631 0.616455 0.446777 0.0258789 0.129883 
0 0.442827 0.785645 0.44873 0.0371094 0.211914 
0 0.402636 0.724609 0.428711 0.0458984 0.261719 
0 0.376994 0.210205 0.442383 0.0219727 0.0800781 
0 0.325138 0.257812 0.441406 0.015625 0.0761719 
0 0.322009 0.238281 0.442383 0.0195312 0.0820312 
0 0.289025 0.230225 0.443848 0.0209961 0.0810547 
0 0.274136 0.631592 0.449707 0.0249023 0.116211 
