3 0.888473 0.828613 0.387695 0.0917969 0.154297 
3 0.831871 0.683105 0.380371 0.0976562 0.12793 
3 0.761794 0.728271 0.356445 0.0209961 0.0507812 
3 0.609148 0.881104 0.351074 0.0258789 0.0498047 
3 0.578885 0.869873 0.355957 0.0327148 0.0673828 
3 0.563497 0.77002 0.350586 0.0273438 0.0332031 
3 0.507805 0.645264 0.35791 0.0512695 0.0908203 
2 0.362617 0.371826 0.392578 0.0239258 0.09375 
3 0.354407 0.762451 0.352539 0.0200195 0.03125 
3 0.298963 0.789795 0.353027 0.0180664 0.0419922 
3 0.265743 0.861084 0.359863 0.0581055 0.0869141 
2 0.256164 0.377197 0.391602 0.0200195 0.0996094 
3 0.252352 0.738037 0.353516 0.0180664 0.0351562 
