0 0.806296 0.258545 0.42334 0.0415039 0.206055 
3 0.734379 0.509277 0.428711 0.0546875 0.0703125 
0 0.635212 0.345703 0.42041 0.0205078 0.100586 
3 0.628855 0.56958 0.425781 0.0249023 0.0546875 
3 0.524737 0.619385 0.441406 0.065918 0.078125 
3 0.363191 0.584717 0.432129 0.0268555 0.0615234 
2 0.356565 0.666016 0.434082 0.0195312 0.0791016 
9 0.349369 0.667969 0.446289 0.0205078 0.0585938 
3 0.334748 0.602051 0.433105 0.0390625 0.0693359 
0 0.313354 0.113037 0.397949 0.0200195 0.0732422 
0 0.286111 0.665283 0.432129 0.019043 0.0849609 
