5 0.941403 0.418945 0.395996 0.0927734 0.270508 
3 0.910805 0.588379 0.477051 0.125977 0.18457 
0 0.801548 0.329834 0.450195 0.0151367 0.0839844 
0 0.797763 0.357178 0.455078 0.0131836 0.0800781 
9 0.793688 0.0361328 0.720703 0.0742188 0.287109 
0 0.777251 0.918701 0.367188 0.0268555 0.113281 
0 0.72924 0.211914 0.485352 0.0351562 0.175781 
0 0.680732 0.255859 0.486328 0.0361328 0.197266 
0 0.662248 0.363037 0.455078 0.0170898 0.0742188 
3 0.649563 0.479736 0.459473 0.043457 0.0556641 
0 0.635077 0.244629 0.487793 0.0361328 0.198242 
0 0.629623 0.973633 0.380859 0.0380859 0.132812 
0 0.556622 0.079834 0.462402 0.0629883 0.272461 
0 0.435308 0.949707 0.36084 0.0488281 0.139648 
0 0.384325 0.224365 0.489258 0.0258789 0.160156 
9 0.353945 0.825684 0.483887 0.0947266 0.155273 
0 0.333261 0.927979 0.365234 0.043457 0.132812 
0 0.271365 0.106934 0.472168 0.0527344 0.256836 
