3 0.883333 0.896484 0.548828 0.216797 0.339844 
3 0.794946 0.245605 0.505859 0.15332 0.222656 
3 0.747503 0.114014 0.404785 0.140137 0.133789 
3 0.744463 0.798584 0.473145 0.17627 0.21582 
3 0.607161 0.493164 0.428711 0.0380859 0.0527344 
3 0.54628 0.552246 0.422363 0.0615234 0.102539 
3 0.520169 0.645996 0.441406 0.117188 0.132812 
3 0.438593 0.133057 0.421875 0.127441 0.125 
3 0.407994 0.473877 0.42334 0.0268555 0.0439453 
3 0.368801 0.547607 0.40625 0.0825195 0.111328 
3 0.365093 0.764648 0.42627 0.158203 0.180664 
3 0.34329 0.571533 0.428711 0.0649414 0.0859375 
0 0.282971 0.709229 0.449219 0.0473633 0.25 
3 0.278467 0.597412 0.429199 0.0512695 0.100586 
11 0.273038 0.547607 0.396484 0.0756836 0.117188 
