3 0.875082 0.488525 0.46875 0.074707 0.121094 
3 0.852763 0.0493164 0.458496 0.0869141 0.0986328 
3 0.849816 0.820312 0.457031 0.132812 0.113281 
3 0.820251 0.43457 0.45752 0.0410156 0.0595703 
3 0.810362 0.957275 0.457031 0.0825195 0.181641 
3 0.792965 0.733398 0.457031 0.0732422 0.101562 
3 0.737183 0.677734 0.447266 0.0410156 0.0625 
0 0.72236 0.646973 0.451172 0.0224609 0.0957031 
3 0.712586 0.368652 0.447754 0.0224609 0.0322266 
3 0.657362 0.602295 0.459473 0.0249023 0.0419922 
3 0.655495 0.666504 0.449219 0.0380859 0.0527344 
0 0.590205 0.628662 0.450684 0.0239258 0.0927734 
0 0.510364 0.62085 0.453613 0.0239258 0.0908203 
3 0.496504 0.00952148 0.459473 0.0180664 0.0654297 
3 0.483297 0.695801 0.452148 0.0419922 0.078125 
0 0.472009 0.585449 0.455078 0.0205078 0.0644531 
3 0.468233 0.349121 0.447754 0.0205078 0.0283203 
0 0.443832 0.56958 0.450684 0.027832 0.0712891 
3 0.425022 0.30127 0.452637 0.0253906 0.0419922 
3 0.40848 0.552979 0.450195 0.0473633 0.0527344 
3 0.349295 0.542969 0.450195 0.0302734 0.0410156 
3 0.287774 0.710693 0.455078 0.0522461 0.0917969 
3 0.267734 0.291748 0.445801 0.0297852 0.0478516 
3 0.255303 0.397217 0.445801 0.0200195 0.0283203 
3 0.254661 0.62085 0.452637 0.0229492 0.0830078 
