0 0.878027 0.425781 0.529297 0.100586 0.474609 
3 0.767871 0.506348 0.479004 0.0820312 0.0947266 
2 0.694165 0.196533 0.48291 0.034668 0.118164 
0 0.617781 0.0859375 0.460938 0.0166016 0.0761719 
2 0.56503 0.318848 0.459473 0.0263672 0.131836 
9 0.549068 0.555176 0.491211 0.0517578 0.0644531 
9 0.546792 0.195557 0.517578 0.0483398 0.0878906 
3 0.489254 0.619385 0.464355 0.0356445 0.0498047 
3 0.477155 0.588135 0.478516 0.0483398 0.0566406 
9 0.466109 0.569092 0.48584 0.0522461 0.0673828 
9 0.450805 0.362549 0.507324 0.0366211 0.110352 
2 0.405511 0.316895 0.474609 0.0371094 0.134766 
2 0.385846 0.356934 0.478027 0.0341797 0.125977 
3 0.37434 0.575195 0.484863 0.0673828 0.0869141 
3 0.353419 0.599609 0.464844 0.0380859 0.0527344 
9 0.317015 0.321533 0.509766 0.0424805 0.0839844 
9 0.283567 0.320312 0.518066 0.0595703 0.0810547 
9 0.280653 0.288818 0.509766 0.0268555 0.0585938 
9 0.273294 0.286133 0.489258 0.0195312 0.0820312 
2 0.270197 0.195068 0.461914 0.043457 0.130859 
9 0.266544 0.290527 0.508789 0.0341797 0.078125 
9 0.257275 0.321533 0.512207 0.0317383 0.0634766 
9 0.254781 0.988037 0.482422 0.0258789 0.103516 
