3 0.874519 0.494141 0.470703 0.141602 0.207031 
3 0.732016 0.325439 0.426758 0.0551758 0.0761719 
3 0.682027 0.275879 0.434082 0.0625 0.0927734 
9 0.669095 0.757324 0.416016 0.0419922 0.136719 
9 0.519144 0.86792 0.446289 0.0737305 0.144531 
3 0.486612 0.62915 0.392578 0.0395508 0.0488281 
3 0.463712 0.601562 0.394043 0.0488281 0.0419922 
9 0.449963 0.949219 0.467285 0.0810547 0.161133 
3 0.44896 0.618896 0.393555 0.043457 0.0410156 
0 0.399859 0.0842285 0.43457 0.0141602 0.0546875 
9 0.376048 0.661865 0.424805 0.0571289 0.121094 
9 0.321866 0.925049 0.450684 0.0874023 0.161133 
3 0.312964 0.607666 0.392578 0.0668945 0.0605469 
6 0.307062 0.483643 0.35498 0.101074 0.139648 
9 0.29939 0.853027 0.447266 0.0556641 0.117188 
3 0.292125 0.585938 0.397949 0.0332031 0.0341797 
9 0.276837 0.899658 0.444336 0.0874023 0.150391 
9 0.274439 0.0527344 0.443359 0.0332031 0.0507812 
9 0.252118 0.881348 0.431152 0.078125 0.131836 
