3 0.930966 0.0996094 0.551758 0.203125 0.431641 
3 0.903248 0.924072 0.538086 0.152832 0.318359 
3 0.858012 0.678711 0.470215 0.0878906 0.124023 
3 0.852217 0.413086 0.428711 0.0507812 0.0859375 
3 0.846098 0.474609 0.426758 0.0556641 0.117188 
3 0.699711 0.522705 0.429199 0.0297852 0.0439453 
9 0.595053 0.746094 0.54248 0.0546875 0.194336 
3 0.578098 0.851562 0.492676 0.18457 0.229492 
2 0.482308 0.745605 0.465332 0.0644531 0.264648 
3 0.3951 0.509277 0.427734 0.0214844 0.0410156 
2 0.341494 0.350342 0.427246 0.0151367 0.0576172 
0 0.308388 0.648193 0.419922 0.0151367 0.0488281 
3 0.304731 0.618164 0.432129 0.03125 0.0322266 
0 0.287876 0.678711 0.401855 0.0166016 0.0380859 
