3 0.886459 0.867676 0.579102 0.266602 0.482422 
2 0.854911 0.272705 0.455566 0.0258789 0.114258 
3 0.846478 0.72583 0.486328 0.154785 0.240234 
3 0.805197 0.631592 0.477051 0.065918 0.118164 
3 0.72442 0.611816 0.463379 0.0585938 0.104492 
9 0.713632 0.272949 0.477051 0.0195312 0.0615234 
3 0.6336 0.572266 0.455566 0.0341797 0.0576172 
9 0.530666 0.171631 0.480469 0.0385742 0.117188 
9 0.483478 0.272461 0.475586 0.0263672 0.078125 
9 0.44494 0.335693 0.453125 0.0200195 0.0625 
2 0.395636 0.175537 0.459473 0.0297852 0.118164 
2 0.391001 0.166992 0.459961 0.0361328 0.107422 
3 0.356143 0.0854492 0.458984 0.0371094 0.0703125 
2 0.348443 0.335938 0.449707 0.0224609 0.0654297 
9 0.344331 0.176514 0.484863 0.0297852 0.0927734 
9 0.324107 0.165771 0.487305 0.0366211 0.0859375 
3 0.302231 0.460205 0.444824 0.0209961 0.0322266 
0 0.262194 0.361084 0.444824 0.0131836 0.0732422 
