0 0.877301 0.540771 0.456543 0.0297852 0.133789 
0 0.849942 0.470459 0.445312 0.0268555 0.152344 
0 0.808166 0.397705 0.445801 0.0200195 0.0966797 
0 0.80346 0.439453 0.446289 0.0224609 0.138672 
9 0.789713 0.823242 0.545898 0.0654297 0.240234 
0 0.775522 0.502686 0.451172 0.0288086 0.154297 
0 0.738596 0.574951 0.446777 0.0297852 0.172852 
0 0.698122 0.640381 0.447754 0.0366211 0.165039 
0 0.657195 0.595459 0.448242 0.0307617 0.179688 
9 0.574835 0.753662 0.479004 0.0307617 0.108398 
0 0.553695 0.261475 0.446777 0.0151367 0.0673828 
0 0.546337 0.955322 0.452637 0.0424805 0.274414 
9 0.539729 0.976074 0.578613 0.0478516 0.262695 
0 0.506923 0.58374 0.447754 0.0327148 0.147461 
0 0.497783 0.483154 0.450195 0.0307617 0.154297 
0 0.455196 0.496826 0.449707 0.0219727 0.170898 
9 0.454537 0.208252 0.483887 0.0395508 0.0810547 
9 0.45221 0.0219727 0.505371 0.0605469 0.125977 
0 0.430157 0.664062 0.443359 0.0283203 0.160156 
10 0.428406 0.134277 0.489258 0.134766 0.140625 
0 0.423303 0.268799 0.448242 0.0131836 0.0566406 
0 0.407738 0.383545 0.446777 0.0180664 0.0888672 
9 0.39488 0.300049 0.453125 0.0161133 0.0605469 
9 0.394687 0.411133 0.45752 0.0214844 0.0595703 
9 0.292453 0.0227051 0.489746 0.043457 0.133789 
9 0.287082 0.195801 0.489258 0.0449219 0.103516 
8 0.281225 0.200684 0.474121 0.0498047 0.102539 
0 0.272299 0.550781 0.452148 0.0234375 0.105469 
9 0.269511 0.746582 0.483398 0.0322266 0.0820312 
