3 0.862962 0.219971 0.48877 0.161621 0.217773 
3 0.80882 0.955322 0.546387 0.0922852 0.645508 
3 0.766109 0.428223 0.47998 0.0703125 0.110352 
9 0.65432 0.569336 0.489258 0.0322266 0.130859 
3 0.644711 0.322998 0.487793 0.0649414 0.124023 
3 0.609439 0.35083 0.467773 0.0668945 0.107422 
2 0.577326 0.569336 0.453125 0.0410156 0.195312 
3 0.550368 0.80835 0.509277 0.240723 0.342773 
3 0.465942 0.348389 0.458008 0.0483398 0.0859375 
9 0.345677 0.631836 0.480957 0.0371094 0.104492 
3 0.33836 0.378418 0.480469 0.0322266 0.0625 
