3 0.928609 0.236816 0.537109 0.177734 0.238281 
3 0.913682 0.538818 0.453125 0.043457 0.0566406 
3 0.878781 0.913086 0.537109 0.18457 0.34375 
3 0.870515 0.692627 0.471191 0.0913086 0.139648 
3 0.870437 0.0371094 0.548828 0.0820312 0.224609 
3 0.853766 0.620117 0.453613 0.0419922 0.0634766 
3 0.844414 0.430176 0.46582 0.0546875 0.0839844 
3 0.70011 0.34082 0.476562 0.0263672 0.0449219 
3 0.628669 0.472656 0.444336 0.0234375 0.0332031 
3 0.623681 0.150146 0.484375 0.0444336 0.0683594 
3 0.598073 0.386963 0.453613 0.0229492 0.0361328 
3 0.587052 0.4646 0.444336 0.0268555 0.0410156 
3 0.462485 0.347168 0.474121 0.0234375 0.0400391 
3 0.441438 0.394043 0.450684 0.0214844 0.0341797 
3 0.335636 0.745361 0.42334 0.0307617 0.0439453 
3 0.272962 0.584961 0.441406 0.0205078 0.0390625 
3 0.257411 0.491211 0.44043 0.0175781 0.0253906 
