3 0.877775 0.733643 0.475098 0.081543 0.114258 
3 0.875569 0.307617 0.486328 0.0595703 0.0839844 
3 0.817219 0.129395 0.524902 0.148438 0.178711 
3 0.80881 0.939453 0.540039 0.125 0.412109 
0 0.807119 0.917725 0.42041 0.0229492 0.100586 
3 0.750202 0.633057 0.450195 0.0336914 0.0625 
3 0.644093 0.380859 0.464844 0.0332031 0.0527344 
0 0.636764 0.927002 0.418945 0.027832 0.0957031 
3 0.626706 0.247803 0.493164 0.0854492 0.0996094 
3 0.620782 0.352539 0.476562 0.03125 0.0546875 
3 0.611919 0.0244141 0.461914 0.0498047 0.1875 
3 0.56725 0.644043 0.457031 0.0263672 0.0703125 
3 0.567238 0.0449219 0.474121 0.0546875 0.151367 
3 0.520825 0.4729 0.452637 0.027832 0.0478516 
3 0.470459 0.335693 0.478516 0.0444336 0.0664062 
3 0.443385 0.366211 0.473145 0.0263672 0.0537109 
3 0.437242 0.694336 0.460449 0.0517578 0.104492 
3 0.410832 0.493896 0.448242 0.0180664 0.0351562 
0 0.377216 0.0524902 0.476562 0.0317383 0.183594 
3 0.354938 0.681396 0.428223 0.065918 0.137695 
0 0.342688 0.574463 0.451172 0.0239258 0.078125 
3 0.333911 0.616455 0.45166 0.0356445 0.0888672 
3 0.304095 0.321045 0.481445 0.0581055 0.0761719 
