3 0.92574 0.303467 0.457031 0.0649414 0.0898438 
3 0.83651 0.507812 0.464844 0.0830078 0.126953 
0 0.835091 0.0512695 0.457031 0.0273438 0.0722656 
3 0.792479 0.472168 0.448242 0.0371094 0.0839844 
6 0.780552 0.611572 0.412598 0.104004 0.155273 
3 0.760677 0.193359 0.494141 0.115234 0.152344 
9 0.638244 0.865479 0.449707 0.0776367 0.0908203 
3 0.62072 0.0302734 0.541992 0.0693359 0.294922 
0 0.538249 0.665283 0.459473 0.0424805 0.163086 
3 0.474795 0.4646 0.443848 0.0336914 0.0712891 
0 0.467202 0.147705 0.456543 0.0170898 0.0732422 
0 0.430062 0.0698242 0.458496 0.0224609 0.0791016 
0 0.420566 0.132812 0.460449 0.0166016 0.0732422 
3 0.39437 0.446289 0.442383 0.0195312 0.0429688 
0 0.372682 0.0407715 0.452148 0.0239258 0.0605469 
0 0.355384 0.645508 0.457031 0.0361328 0.167969 
0 0.35097 0.117188 0.458496 0.0205078 0.0791016 
3 0.313938 0.409668 0.429688 0.0195312 0.0292969 
6 0.300947 0.338135 0.42334 0.0307617 0.0751953 
3 0.261532 0.484863 0.451172 0.0556641 0.101562 
