0 0.874889 0.883301 0.471191 0.0498047 0.280273 
3 0.872219 0.289307 0.52832 0.158691 0.193359 
0 0.79266 0.537842 0.426758 0.0180664 0.0742188 
0 0.779523 0.043457 0.535645 0.0820312 0.325195 
3 0.767808 0.359131 0.472168 0.0961914 0.15332 
9 0.703665 0.69165 0.480957 0.0424805 0.104492 
9 0.590692 0.787109 0.494629 0.0605469 0.112305 
3 0.588223 0.415527 0.447754 0.0380859 0.0791016 
9 0.564769 0.789551 0.491699 0.078125 0.155273 
3 0.546461 0.399902 0.454102 0.0458984 0.103516 
3 0.396159 0.390381 0.456543 0.0600586 0.120117 
9 0.395661 0.10083 0.545898 0.0708008 0.140625 
0 0.36593 0.549805 0.428223 0.015625 0.0771484 
3 0.310421 0.424316 0.443848 0.0380859 0.0712891 
0 0.293352 0.526123 0.425293 0.0141602 0.0556641 
9 0.274375 0.630371 0.452637 0.0263672 0.0966797 
9 0.256249 0.0874023 0.54541 0.0966797 0.176758 
