3 0.88373 0.780273 0.523926 0.195312 0.266602 
9 0.757966 0.239746 0.469238 0.0419922 0.120117 
3 0.689889 0.572754 0.443848 0.0224609 0.0576172 
3 0.652673 0.641846 0.464844 0.0756836 0.138672 
3 0.640272 0.890625 0.616211 0.200195 0.490234 
3 0.637299 0.5979 0.458496 0.0405273 0.0908203 
3 0.546549 0.481201 0.440918 0.0395508 0.0634766 
3 0.483015 0.58667 0.451172 0.0356445 0.0742188 
10 0.468223 0.358643 0.440918 0.0991211 0.0810547 
3 0.392637 0.682861 0.491699 0.109863 0.180664 
3 0.384964 0.540039 0.433105 0.0214844 0.0302734 
10 0.352028 0.447266 0.44043 0.0244141 0.0546875 
9 0.337489 0.336182 0.448242 0.0395508 0.0839844 
2 0.324511 0.523926 0.432617 0.015625 0.0546875 
3 0.321732 0.553467 0.433105 0.0229492 0.0380859 
3 0.321554 0.570068 0.434082 0.0249023 0.0517578 
