3 0.923045 0.79541 0.535156 0.227539 0.373047 
3 0.902849 0.383789 0.490234 0.126953 0.205078 
3 0.884265 0.181396 0.538086 0.150879 0.246094 
3 0.857692 0.297607 0.489746 0.11084 0.15332 
3 0.845527 0.0769043 0.605469 0.154785 0.433594 
3 0.762195 0.898438 0.647461 0.19043 0.685547 
3 0.727868 0.630127 0.484375 0.118652 0.1875 
2 0.696855 0.519287 0.451172 0.0268555 0.107422 
3 0.583539 0.443848 0.441406 0.0205078 0.0390625 
3 0.546589 0.554443 0.425781 0.0463867 0.078125 
3 0.54114 0.556885 0.447266 0.0405273 0.0644531 
3 0.445961 0.68335 0.510254 0.118652 0.254883 
9 0.314349 0.517822 0.476074 0.0180664 0.0751953 
9 0.25271 0.569092 0.480957 0.0297852 0.0869141 
