3 0.939008 0.263184 0.483887 0.0976562 0.165039 
3 0.923855 0.146729 0.531738 0.185059 0.223633 
3 0.91527 0.536377 0.445312 0.0385742 0.0683594 
3 0.886969 0.333252 0.465332 0.0844727 0.135742 
3 0.795106 0.418457 0.428223 0.0537109 0.102539 
3 0.791691 0.385498 0.463867 0.0395508 0.09375 
3 0.573754 0.415283 0.441406 0.0385742 0.0761719 
3 0.522054 0.0288086 0.544434 0.0595703 0.307617 
3 0.482784 0.396729 0.45459 0.0327148 0.0849609 
3 0.367466 0.447021 0.444336 0.019043 0.0546875 
3 0.360387 0.463135 0.432129 0.0249023 0.0517578 
3 0.350853 0.474609 0.428711 0.0234375 0.0449219 
3 0.314959 0.645508 0.433105 0.0371094 0.0458984 
0 0.306216 0.691162 0.442871 0.0200195 0.0986328 
3 0.285371 0.457764 0.44043 0.0209961 0.0449219 
3 0.28514 0.491699 0.429688 0.0166016 0.03125 
3 0.262997 0.614502 0.439453 0.0219727 0.0292969 
3 0.253767 0.505859 0.428711 0.0166016 0.0214844 
