3 0.899899 0.731201 0.481934 0.151855 0.219727 
3 0.887834 0.356445 0.47998 0.0898438 0.157227 
3 0.881686 0.136475 0.574219 0.269043 0.382812 
3 0.874237 0.915039 0.594238 0.161133 0.506836 
3 0.849114 0.549072 0.444336 0.0571289 0.078125 
3 0.757732 0.28418 0.508301 0.119141 0.22168 
3 0.725943 0.617432 0.459473 0.0454102 0.112305 
3 0.716149 0.660645 0.47168 0.0703125 0.160156 
3 0.705279 0.403076 0.45752 0.0571289 0.114258 
3 0.691879 0.44458 0.441895 0.0327148 0.0712891 
3 0.616584 0.47583 0.428223 0.0229492 0.0458984 
3 0.486605 0.645996 0.468262 0.0576172 0.135742 
3 0.426436 0.430664 0.446777 0.0322266 0.0869141 
4 0.312372 0.489014 0.423828 0.0219727 0.0371094 
3 0.287752 0.462891 0.431152 0.0263672 0.0615234 
0 0.260485 0.887695 0.397461 0.0380859 0.115234 
