3 0.915335 0.0830078 0.527832 0.160156 0.256836 
3 0.890302 0.885254 0.599121 0.232422 0.415039 
3 0.871049 0.446533 0.465332 0.0795898 0.118164 
3 0.832725 0.713135 0.489746 0.133301 0.194336 
3 0.830049 0.633301 0.44873 0.0410156 0.100586 
3 0.764425 0.251953 0.478516 0.130859 0.144531 
3 0.620228 0.617188 0.443359 0.03125 0.0800781 
3 0.553594 0.642334 0.456543 0.0444336 0.118164 
3 0.507903 0.602295 0.431641 0.0249023 0.0585938 
3 0.483496 0.340088 0.429199 0.0600586 0.0654297 
3 0.467151 0.587646 0.427246 0.0170898 0.0400391 
3 0.434516 0.490967 0.424316 0.0219727 0.0400391 
3 0.402227 0.606201 0.440918 0.0209961 0.0537109 
3 0.382135 0.507568 0.421387 0.0161133 0.0302734 
3 0.274791 0.479004 0.427246 0.0224609 0.0400391 
