3 0.875701 0.420898 0.456055 0.0654297 0.0859375 
3 0.771963 0.457764 0.451172 0.0395508 0.0703125 
3 0.702321 0.491455 0.443848 0.0375977 0.0556641 
3 0.546364 0.524658 0.441406 0.027832 0.0488281 
9 0.544095 0.339355 0.479004 0.0224609 0.0576172 
2 0.500684 0.338867 0.45459 0.0361328 0.0693359 
3 0.481557 0.338867 0.45459 0.0361328 0.0693359 
3 0.44892 0.615723 0.433594 0.0429688 0.0585938 
3 0.442869 0.537598 0.44043 0.0263672 0.046875 
10 0.440125 0.175049 0.466797 0.105957 0.0820312 
3 0.410762 0.0239258 0.52832 0.0517578 0.347656 
0 0.401689 0.190186 0.424805 0.019043 0.0605469 
3 0.393191 0.57373 0.422852 0.0380859 0.0664062 
3 0.393121 0.647705 0.424316 0.019043 0.0263672 
10 0.392773 0.0825195 0.475098 0.0839844 0.0966797 
3 0.388979 0.477783 0.450195 0.027832 0.0527344 
2 0.351822 0.346436 0.456055 0.027832 0.0761719 
3 0.31614 0.506104 0.442383 0.0297852 0.046875 
3 0.301165 0.677246 0.420898 0.0185547 0.0195312 
10 0.295939 0.143066 0.464844 0.149414 0.0957031 
3 0.26431 0.553223 0.431641 0.0263672 0.0507812 
