0 0.902964 0.299561 0.424805 0.0219727 0.0917969 
3 0.848802 0.176025 0.537598 0.333496 0.391602 
10 0.705393 0.64502 0.467773 0.112305 0.111328 
0 0.609565 0.491455 0.431641 0.0209961 0.101562 
10 0.495266 0.669434 0.462402 0.111328 0.114258 
0 0.483434 0.446533 0.441895 0.0161133 0.0673828 
0 0.48317 0.399658 0.433105 0.0209961 0.0830078 
0 0.471422 0.294678 0.417969 0.0229492 0.101562 
0 0.407677 0.412598 0.430176 0.0166016 0.0732422 
0 0.406268 0.428711 0.432129 0.0175781 0.0751953 
0 0.355526 0.456543 0.431152 0.0146484 0.0810547 
3 0.308074 0.574219 0.430664 0.0234375 0.0527344 
3 0.278058 0.582031 0.424805 0.0351562 0.0644531 
9 0.277038 0.414062 0.445312 0.0205078 0.0644531 
0 0.256106 0.384766 0.441406 0.0185547 0.0820312 
