0 0.919669 0.803955 0.415527 0.0268555 0.129883 
3 0.904093 0.473633 0.455566 0.0605469 0.0966797 
3 0.855247 0.321289 0.456543 0.0546875 0.0869141 
3 0.831823 0.522461 0.443359 0.0361328 0.0507812 
3 0.82751 0.433105 0.441895 0.0253906 0.0400391 
3 0.802273 0.223389 0.495117 0.100098 0.123047 
0 0.730711 0.175537 0.460449 0.0229492 0.0947266 
9 0.697524 0.898193 0.463379 0.0522461 0.139648 
3 0.68725 0.0527344 0.562012 0.104492 0.198242 
3 0.679135 0.355225 0.456055 0.0258789 0.0625 
3 0.674912 0.363525 0.453125 0.0297852 0.0585938 
2 0.674252 0.900146 0.407227 0.0493164 0.210938 
3 0.488516 0.285645 0.469238 0.0576172 0.102539 
3 0.484716 0.393311 0.449219 0.0219727 0.0410156 
0 0.457485 0.690674 0.42627 0.0180664 0.100586 
9 0.427826 0.979492 0.444336 0.0322266 0.152344 
3 0.394045 0.386475 0.45166 0.0229492 0.0458984 
9 0.332535 0.90918 0.45459 0.0566406 0.163086 
0 0.315813 0.685303 0.42334 0.019043 0.0888672 
9 0.284756 0.135742 0.509277 0.0273438 0.0654297 
