3 0.933021 0.553711 0.458496 0.0751953 0.116211 
3 0.691525 0.0600586 0.553711 0.12207 0.242188 
0 0.611516 0.666992 0.422852 0.0205078 0.0566406 
3 0.567487 0.286133 0.432129 0.0791016 0.0693359 
3 0.537493 0.51123 0.452637 0.0400391 0.0693359 
3 0.453288 0.413574 0.44043 0.0205078 0.0351562 
3 0.357257 0.477783 0.433594 0.0258789 0.03125 
0 0.325177 0.353271 0.454102 0.0307617 0.115234 
0 0.309105 0.200928 0.450684 0.019043 0.0732422 
0 0.294742 0.673584 0.42041 0.0170898 0.0439453 
0 0.29331 0.158691 0.449707 0.0166016 0.0947266 
3 0.288467 0.286377 0.443848 0.0610352 0.0634766 
0 0.276502 0.207764 0.449707 0.0268555 0.0849609 
2 0.267009 0.147949 0.454102 0.0244141 0.0917969 
