3 0.877899 0.870117 0.453613 0.0703125 0.106445 
3 0.857464 0.785156 0.457031 0.078125 0.103516 
3 0.81497 0.630859 0.472168 0.0595703 0.12207 
3 0.770893 0.354492 0.505859 0.124023 0.199219 
3 0.73801 0.69873 0.506348 0.154297 0.200195 
3 0.713453 0.570312 0.446289 0.0234375 0.0507812 
3 0.69959 0.434082 0.475586 0.0683594 0.109375 
3 0.695513 0.58667 0.458008 0.0288086 0.0722656 
3 0.561414 0.598145 0.463867 0.0302734 0.09375 
3 0.545766 0.476318 0.454102 0.0317383 0.0742188 
3 0.508205 0.154297 0.616211 0.304688 0.539062 
3 0.458568 0.491211 0.445312 0.0195312 0.046875 
3 0.408239 0.615967 0.467285 0.0473633 0.104492 
3 0.403555 0.55249 0.433594 0.0200195 0.0351562 
3 0.333308 0.506836 0.433105 0.0166016 0.0322266 
3 0.295342 0.556641 0.44043 0.0175781 0.0371094 
3 0.265871 0.540527 0.433105 0.0185547 0.0263672 
