3 0.841265 0.213379 0.473145 0.219727 0.155273 
9 0.788597 0.614014 0.524414 0.106934 0.162109 
3 0.755351 0.0817871 0.443359 0.164551 0.179688 
3 0.742674 0.673096 0.487305 0.0629883 0.107422 
0 0.736108 0.041748 0.466309 0.0708008 0.360352 
3 0.682422 0.708984 0.474609 0.0283203 0.0664062 
9 0.626379 0.360107 0.474121 0.0678711 0.0986328 
2 0.590328 0.791992 0.461426 0.0263672 0.114258 
9 0.579268 0.866943 0.571289 0.118652 0.1875 
9 0.567891 0.525635 0.474609 0.0385742 0.107422 
3 0.553871 0.856689 0.480469 0.0825195 0.136719 
3 0.508901 0.69751 0.480957 0.034668 0.0771484 
9 0.466722 0.537598 0.475586 0.0605469 0.115234 
9 0.436818 0.422607 0.481445 0.0766602 0.09375 
0 0.406326 0.0244141 0.472656 0.0439453 0.367188 
9 0.397296 0.793213 0.484863 0.0209961 0.0947266 
2 0.370647 0.630615 0.452148 0.0473633 0.208984 
3 0.368559 0.82251 0.474121 0.027832 0.0615234 
9 0.364822 0.445801 0.480469 0.0634766 0.117188 
3 0.364161 0.890625 0.532715 0.128906 0.200195 
0 0.352749 0.887939 0.480957 0.0493164 0.170898 
3 0.347832 0.7229 0.463867 0.0249023 0.0488281 
3 0.341365 0.711914 0.466309 0.0419922 0.0673828 
9 0.328872 0.387451 0.474609 0.081543 0.101562 
2 0.323622 0.86792 0.482422 0.0551758 0.160156 
3 0.316262 0.819824 0.462402 0.0380859 0.0615234 
2 0.277058 0.617188 0.481934 0.0693359 0.219727 
