3 0.934894 0.916748 0.583008 0.163574 0.482422 
3 0.776982 0.477539 0.419922 0.0429688 0.0390625 
3 0.688804 0.696777 0.467773 0.0410156 0.111328 
2 0.68424 0.617676 0.424805 0.0400391 0.126953 
3 0.671278 0.746582 0.477051 0.107422 0.182617 
9 0.583828 0.620361 0.480957 0.0307617 0.0888672 
3 0.570549 0.697021 0.476074 0.0268555 0.0947266 
0 0.466114 0.533691 0.412598 0.0166016 0.0595703 
2 0.447641 0.619385 0.450684 0.0327148 0.15918 
0 0.363863 0.528809 0.413574 0.015625 0.0537109 
0 0.309789 0.331787 0.428711 0.0170898 0.0859375 
2 0.275246 0.616211 0.42334 0.0322266 0.0810547 
0 0.265731 0.324219 0.430176 0.0185547 0.0869141 
3 0.254945 0.490479 0.422363 0.0288086 0.0341797 
