3 0.906507 0.881592 0.571289 0.233887 0.369141 
3 0.881151 0.767578 0.512207 0.114258 0.233398 
3 0.829642 0.255127 0.54834 0.29248 0.379883 
3 0.817403 0.709961 0.491211 0.0761719 0.171875 
3 0.79928 0.47998 0.463379 0.0488281 0.0908203 
3 0.777342 0.659912 0.470215 0.0522461 0.108398 
3 0.76911 0.450684 0.478516 0.0566406 0.115234 
3 0.655772 0.393311 0.493652 0.121582 0.180664 
3 0.616571 0.575439 0.433594 0.034668 0.0585938 
3 0.487575 0.603271 0.435059 0.019043 0.0341797 
3 0.423791 0.583008 0.433594 0.0292969 0.0527344 
3 0.382626 0.61499 0.435059 0.0239258 0.0263672 
3 0.272094 0.63501 0.450684 0.019043 0.0517578 
