0 0.817151 0.0544434 0.48291 0.0522461 0.303711 
6 0.799813 0.369629 0.412109 0.15918 0.302734 
2 0.704873 0.598145 0.483887 0.0371094 0.245117 
2 0.659042 0.599365 0.481934 0.0463867 0.172852 
9 0.456612 0.191162 0.48291 0.0366211 0.0888672 
9 0.40736 0.599854 0.547852 0.0307617 0.125 
2 0.346463 0.184082 0.459961 0.0273438 0.111328 
2 0.345331 0.194092 0.460938 0.0268555 0.111328 
0 0.330756 0.104248 0.478516 0.0522461 0.130859 
3 0.310764 0.462158 0.476074 0.0219727 0.0439453 
0 0.302765 0.10498 0.45752 0.0361328 0.145508 
0 0.295924 0.756836 0.40332 0.0166016 0.0566406 
0 0.29351 0.112793 0.461426 0.03125 0.157227 
2 0.287018 0.538086 0.462891 0.0126953 0.0507812 
0 0.281583 0.275391 0.460938 0.0263672 0.126953 
0 0.269774 0.522217 0.461914 0.012207 0.046875 
9 0.257235 0.5979 0.51123 0.0444336 0.163086 
