3 0.873977 0.50708 0.469727 0.0756836 0.121094 
3 0.872559 0.415527 0.466797 0.0654297 0.0820312 
3 0.865218 0.550537 0.449219 0.043457 0.0839844 
0 0.83573 0.694824 0.458008 0.03125 0.171875 
0 0.789385 0.920654 0.448242 0.0463867 0.228516 
3 0.773145 0.131348 0.55957 0.250977 0.671875 
0 0.738728 0.379883 0.449707 0.015625 0.0634766 
0 0.665685 0.824219 0.454102 0.03125 0.181641 
0 0.665469 0.75708 0.455078 0.0307617 0.158203 
0 0.637619 0.709229 0.45459 0.0258789 0.139648 
0 0.63429 0.729492 0.452637 0.0263672 0.135742 
3 0.620028 0.471191 0.458984 0.0332031 0.0507812 
0 0.574536 0.742432 0.45166 0.0258789 0.135742 
0 0.537391 0.787354 0.450684 0.0327148 0.176758 
0 0.519061 0.871338 0.449219 0.0356445 0.183594 
0 0.498935 0.317139 0.451172 0.0229492 0.101562 
0 0.44327 0.584229 0.454102 0.0170898 0.0625 
0 0.440702 0.832764 0.455078 0.0336914 0.177734 
9 0.397957 0.353027 0.511719 0.0371094 0.09375 
9 0.392946 0.973633 0.488281 0.0751953 0.154297 
10 0.382453 0.611328 0.473633 0.0664062 0.0839844 
9 0.366352 0.323486 0.51416 0.0327148 0.0908203 
9 0.336314 0.330078 0.514648 0.0537109 0.103516 
9 0.292145 0.975342 0.483887 0.0512695 0.131836 
0 0.284079 0.774414 0.452148 0.0292969 0.150391 
