2 0.874692 0.276123 0.454102 0.0258789 0.126953 
3 0.853236 0.0537109 0.509766 0.107422 0.220703 
3 0.840242 0.128418 0.489258 0.0957031 0.162109 
9 0.77845 0.2771 0.484375 0.0219727 0.0703125 
9 0.746369 0.20459 0.532715 0.0400391 0.141602 
2 0.725559 0.207031 0.467773 0.0449219 0.212891 
0 0.681123 0.458252 0.446777 0.0483398 0.186523 
6 0.528853 0.334473 0.415527 0.0703125 0.12207 
9 0.484341 0.976074 0.455078 0.0546875 0.103516 
10 0.474204 0.891602 0.450684 0.106445 0.114258 
10 0.42647 0.575439 0.457031 0.156738 0.121094 
10 0.398704 0.742432 0.455566 0.105957 0.116211 
9 0.389777 0.957275 0.448242 0.0932617 0.113281 
3 0.33812 0.255859 0.454102 0.0556641 0.0761719 
0 0.334029 0.183594 0.42627 0.0244141 0.102539 
9 0.292926 0.865234 0.458008 0.0898438 0.0957031 
10 0.279406 0.918945 0.44873 0.116211 0.108398 
9 0.273909 0.641113 0.461914 0.0878906 0.0957031 
