3 0.906501 0.476807 0.427246 0.0629883 0.0888672 
3 0.585299 0.443115 0.420898 0.0366211 0.0761719 
3 0.539185 0.431396 0.418945 0.0317383 0.0644531 
0 0.402822 0.285645 0.40332 0.0166016 0.0683594 
0 0.395774 0.318604 0.40332 0.0161133 0.0585938 
0 0.391815 0.351074 0.413086 0.0166016 0.0625 
9 0.379394 0.223389 0.506836 0.0395508 0.179688 
2 0.371596 0.223145 0.422852 0.0488281 0.222656 
8 0.354606 0.540527 0.414062 0.03125 0.0585938 
3 0.341125 0.413086 0.421387 0.0283203 0.0693359 
8 0.329654 0.552734 0.413574 0.0429688 0.0634766 
0 0.325964 0.335938 0.414551 0.0166016 0.0537109 
8 0.32436 0.58667 0.410645 0.0405273 0.0712891 
10 0.319911 0.151367 0.430664 0.0605469 0.0722656 
10 0.310884 0.115723 0.432617 0.0761719 0.0859375 
9 0.300581 0.0881348 0.433594 0.0405273 0.0820312 
9 0.295722 0.411621 0.446289 0.0195312 0.0566406 
10 0.270857 0.162598 0.431152 0.046875 0.0576172 
3 0.267991 0.457764 0.424316 0.0571289 0.0810547 
0 0.2672 0.305664 0.411621 0.0146484 0.0537109 
9 0.258036 0.0866699 0.434082 0.0288086 0.0654297 
