0 0.830393 0.771973 0.470215 0.0322266 0.172852 
3 0.823755 0.491455 0.46582 0.0629883 0.134766 
0 0.804627 0.791992 0.480957 0.0253906 0.155273 
3 0.730516 0.218018 0.537109 0.175293 0.208984 
3 0.670063 0.381348 0.487305 0.12207 0.128906 
3 0.664846 0.305664 0.519043 0.113281 0.176758 
0 0.626092 0.800781 0.480469 0.0283203 0.134766 
3 0.560659 0.379883 0.52002 0.0908203 0.131836 
9 0.551264 0.102295 0.60498 0.149902 0.260742 
9 0.521407 0.380127 0.538574 0.0454102 0.110352 
9 0.406113 0.380127 0.518066 0.065918 0.118164 
3 0.397485 0.415527 0.481934 0.0791016 0.0849609 
10 0.348309 0.638184 0.479492 0.09375 0.0722656 
10 0.327269 0.613525 0.476074 0.0922852 0.0693359 
3 0.31857 0.525879 0.458496 0.0253906 0.0517578 
0 0.2926 0.57251 0.458008 0.0200195 0.0742188 
9 0.291788 0.695068 0.483398 0.0219727 0.0585938 
0 0.283586 0.552734 0.454102 0.0214844 0.09375 
3 0.269758 0.397949 0.48877 0.0976562 0.0986328 
3 0.26644 0.369873 0.488281 0.0864258 0.0976562 
