3 0.913719 0.832275 0.541016 0.32666 0.445312 
3 0.867236 0.385498 0.472656 0.0581055 0.123047 
3 0.858092 0.413086 0.45752 0.0371094 0.0908203 
3 0.817181 0.53833 0.44873 0.0297852 0.0634766 
3 0.816284 0.665527 0.492676 0.136719 0.223633 
3 0.78969 0.582031 0.464844 0.0576172 0.123047 
3 0.740404 0.331543 0.509277 0.116211 0.245117 
3 0.7381 0.443359 0.446289 0.0214844 0.0507812 
3 0.721405 0.168213 0.509766 0.333496 0.484375 
3 0.64839 0.963379 0.776367 0.0712891 0.484375 
3 0.571554 0.603027 0.472656 0.0664062 0.140625 
3 0.543877 0.368652 0.48291 0.0712891 0.147461 
3 0.498556 0.553223 0.455566 0.0361328 0.0830078 
3 0.465913 0.570312 0.458008 0.0537109 0.111328 
3 0.456856 0.430908 0.449219 0.0219727 0.0644531 
3 0.348626 0.52832 0.447266 0.0185547 0.046875 
