3 0.888826 0.495605 0.461914 0.0400391 0.0664062 
3 0.860133 0.160889 0.567383 0.230957 0.310547 
3 0.77982 0.545166 0.44873 0.0258789 0.0361328 
6 0.775486 0.387695 0.406738 0.147461 0.260742 
3 0.725266 0.0361328 0.678711 0.0732422 0.591797 
2 0.675779 0.634033 0.45459 0.034668 0.145508 
9 0.377392 0.61377 0.506836 0.078125 0.119141 
2 0.360254 0.618408 0.474609 0.0600586 0.171875 
2 0.347469 0.618408 0.453613 0.0385742 0.141602 
9 0.340131 0.633301 0.480957 0.0429688 0.12207 
3 0.297879 0.50415 0.453613 0.0288086 0.0517578 
