3 0.94134 0.633301 0.426758 0.0429688 0.0878906 
3 0.894864 0.67334 0.444336 0.0820312 0.128906 
3 0.880631 0.57373 0.432617 0.0478516 0.0722656 
6 0.876025 0.488037 0.393066 0.0874023 0.192383 
3 0.812929 0.390137 0.425781 0.0683594 0.123047 
0 0.763036 0.332764 0.468262 0.0454102 0.268555 
9 0.745201 0.85083 0.535156 0.179199 0.287109 
2 0.583252 0.853027 0.463867 0.0908203 0.382812 
0 0.482103 0.302979 0.425293 0.0219727 0.125977 
0 0.420606 0.849365 0.463379 0.0883789 0.37207 
3 0.411864 0.430176 0.420898 0.03125 0.109375 
0 0.400184 0.708008 0.393066 0.0224609 0.0673828 
3 0.340787 0.634033 0.438965 0.0268555 0.0732422 
9 0.31351 0.194824 0.484375 0.0478516 0.105469 
0 0.294911 0.760742 0.400879 0.0234375 0.0849609 
10 0.268957 0.10083 0.503906 0.0717773 0.0957031 
