3 0.858491 0.325684 0.42041 0.0322266 0.0517578 
3 0.7966 0.415283 0.442871 0.0629883 0.110352 
9 0.780306 0.772949 0.44873 0.0673828 0.125977 
2 0.630283 0.584229 0.424316 0.0375977 0.133789 
3 0.476588 0.36792 0.418457 0.027832 0.0478516 
9 0.466291 0.58252 0.474121 0.0400391 0.0849609 
0 0.394438 0.54248 0.417969 0.0166016 0.0585938 
0 0.368124 0.608643 0.458496 0.0395508 0.174805 
3 0.332577 0.381348 0.428711 0.0224609 0.0644531 
9 0.287333 0.54248 0.417969 0.0166016 0.0585938 
9 0.286953 0.522705 0.424805 0.0200195 0.0488281 
9 0.268572 0.761963 0.450195 0.0444336 0.105469 
0 0.25953 0.489014 0.414062 0.0141602 0.0410156 
9 0.254906 0.786865 0.455078 0.0581055 0.140625 
