0 0.808486 0.568848 0.429199 0.0185547 0.0927734 
0 0.784917 0.588135 0.428223 0.0229492 0.104492 
0 0.762561 0.556152 0.427246 0.0185547 0.0732422 
0 0.702158 0.117432 0.454102 0.050293 0.207031 
0 0.676081 0.540039 0.427734 0.015625 0.0644531 
0 0.675616 0.621826 0.427246 0.0219727 0.106445 
9 0.62986 0.210205 0.443359 0.0317383 0.0859375 
0 0.619407 0.596436 0.425781 0.0180664 0.0800781 
9 0.612276 0.510742 0.44873 0.015625 0.0576172 
0 0.611712 0.884766 0.418457 0.0205078 0.0771484 
0 0.61052 0.75415 0.456543 0.0512695 0.256836 
0 0.566921 0.833008 0.419434 0.0351562 0.135742 
2 0.564179 0.510742 0.427734 0.0195312 0.0917969 
0 0.543552 0.915771 0.423828 0.0327148 0.115234 
0 0.510765 0.716064 0.453613 0.0317383 0.15332 
0 0.487646 0.412842 0.430664 0.0180664 0.0800781 
0 0.485263 0.742676 0.463867 0.0419922 0.222656 
0 0.449029 0.630615 0.428711 0.0200195 0.101562 
9 0.367406 0.118164 0.475098 0.0712891 0.124023 
0 0.337838 0.827637 0.427734 0.0419922 0.173828 
3 0.323213 0.791748 0.457031 0.0805664 0.113281 
0 0.313172 0.351074 0.42627 0.0146484 0.0537109 
0 0.31279 0.380371 0.428711 0.0146484 0.0488281 
9 0.283528 0.801758 0.486816 0.0712891 0.12793 
10 0.279017 0.849365 0.517578 0.151855 0.201172 
9 0.251023 0.828125 0.518066 0.108398 0.168945 
