3 0.949018 0.380127 0.460938 0.0424805 0.0644531 
3 0.902968 0.335205 0.470703 0.0629883 0.0898438 
3 0.900497 0.0847168 0.547852 0.152832 0.25 
3 0.878448 0.824219 0.481934 0.239258 0.399414 
3 0.856138 0.206299 0.508301 0.125488 0.176758 
3 0.826135 0.692139 0.484863 0.102051 0.202148 
3 0.81337 0.584229 0.459473 0.0327148 0.0751953 
3 0.748503 0.616455 0.464844 0.065918 0.105469 
3 0.52061 0.488281 0.44043 0.0195312 0.03125 
3 0.457812 0.553223 0.443848 0.0263672 0.0439453 
3 0.407463 0.436035 0.466797 0.0585938 0.0898438 
3 0.38457 0.572998 0.45166 0.0258789 0.0556641 
3 0.309752 0.508057 0.430176 0.0249023 0.0439453 
3 0.253059 0.368652 0.459961 0.0292969 0.0644531 
