3 0.809376 0.427002 0.432617 0.0288086 0.0507812 
3 0.796339 0.162598 0.506836 0.167969 0.197266 
3 0.782477 0.400391 0.449707 0.0449219 0.0849609 
3 0.780048 0.346924 0.465332 0.0844727 0.120117 
3 0.639562 0.477295 0.425781 0.0239258 0.0253906 
3 0.590013 0.509277 0.427246 0.0263672 0.0302734 
3 0.586788 0.588135 0.419922 0.0385742 0.0507812 
3 0.554853 0.668457 0.445312 0.0507812 0.134766 
3 0.549611 0.460693 0.42627 0.0209961 0.0244141 
3 0.519595 0.770508 0.4375 0.211914 0.378906 
0 0.51514 0.567627 0.421875 0.0327148 0.107422 
3 0.435196 0.412598 0.442383 0.0332031 0.0703125 
3 0.395366 0.48999 0.426758 0.0219727 0.0273438 
3 0.384157 0.52002 0.429199 0.0234375 0.0283203 
9 0.365422 0.285645 0.450195 0.0244141 0.0488281 
3 0.352807 0.597412 0.417969 0.0317383 0.0527344 
3 0.324405 0.444824 0.427246 0.0175781 0.0283203 
3 0.287778 0.65918 0.431641 0.0566406 0.101562 
