3 0.886702 0.583008 0.533203 0.183594 0.300781 
3 0.865204 0.459229 0.458984 0.0415039 0.0722656 
6 0.852024 0.328369 0.420898 0.191895 0.28125 
0 0.778924 0.770752 0.455566 0.027832 0.139648 
0 0.698577 0.0568848 0.479492 0.0317383 0.140625 
2 0.651198 0.690674 0.453613 0.0249023 0.137695 
3 0.561735 0.495117 0.459473 0.0244141 0.0380859 
0 0.535597 0.793457 0.454102 0.0273438 0.140625 
9 0.484103 0.691406 0.483887 0.0292969 0.0810547 
3 0.468904 0.50293 0.460938 0.0234375 0.0371094 
9 0.416172 0.85083 0.486328 0.0483398 0.107422 
9 0.374427 0.837646 0.484863 0.0571289 0.0927734 
