0 0.922669 0.458496 0.458984 0.0390625 0.208984 
9 0.722834 0.205322 0.531738 0.0952148 0.370117 
0 0.701524 0.649902 0.453613 0.0400391 0.213867 
0 0.665125 0.40332 0.460449 0.0429688 0.235352 
0 0.636319 0.976562 0.475586 0.0253906 0.107422 
0 0.585072 0.696289 0.450684 0.0576172 0.182617 
0 0.507628 0.506836 0.41748 0.0175781 0.0732422 
9 0.481003 0.275146 0.474609 0.0893555 0.162109 
9 0.403036 0.862061 0.470215 0.0415039 0.145508 
0 0.396801 0.88208 0.483398 0.0297852 0.123047 
0 0.346918 0.290039 0.289062 0.0341797 0.152344 
2 0.315617 0.976074 0.464355 0.0205078 0.110352 
9 0.290506 0.738037 0.45459 0.0229492 0.0634766 
0 0.269077 0.450928 0.45752 0.0415039 0.24707 
