3 0.913348 0.525391 0.445312 0.0341797 0.0429688 
3 0.842026 0.477295 0.430664 0.0395508 0.0722656 
2 0.71875 0.751465 0.425293 0.0214844 0.114258 
9 0.632149 0.752197 0.454102 0.0170898 0.0761719 
0 0.572605 0.69165 0.424805 0.0141602 0.0820312 
3 0.567416 0.287842 0.440918 0.0356445 0.0322266 
3 0.533465 0.552002 0.432129 0.0161133 0.0263672 
3 0.512756 0.194092 0.450195 0.0258789 0.0351562 
3 0.509515 0.113525 0.431641 0.11377 0.0644531 
3 0.504793 0.611572 0.430176 0.0522461 0.0791016 
3 0.49623 0.164551 0.447754 0.0371094 0.0380859 
3 0.479955 0.179199 0.450195 0.0371094 0.0332031 
0 0.472825 0.722412 0.426758 0.0161133 0.078125 
3 0.468461 0.336914 0.433105 0.0263672 0.0302734 
3 0.445704 0.583496 0.446289 0.0234375 0.0429688 
0 0.410292 0.679199 0.42334 0.0175781 0.0869141 
4 0.408555 0.0358887 0.44873 0.0756836 0.0771484 
3 0.360536 0.277588 0.442383 0.0219727 0.0253906 
3 0.35957 0.302979 0.442871 0.0249023 0.0283203 
3 0.304999 0.0285645 0.452148 0.0512695 0.0761719 
9 0.303873 0.720947 0.444824 0.0112305 0.0439453 
3 0.278497 0.0839844 0.433594 0.0947266 0.0605469 
3 0.278281 0.427734 0.434082 0.0263672 0.0283203 
2 0.274059 0.748047 0.424805 0.0195312 0.09375 
3 0.2678 0.317871 0.44043 0.0234375 0.0273438 
