9 0.889105 0.762939 0.463379 0.0698242 0.0947266 
3 0.876072 0.479248 0.455078 0.065918 0.0957031 
3 0.825564 0.400391 0.459473 0.0800781 0.100586 
3 0.82512 0.326416 0.458008 0.0834961 0.0625 
3 0.661525 0.100342 0.458496 0.0424805 0.0634766 
3 0.638611 0.603516 0.443359 0.0556641 0.0761719 
3 0.516419 0.509521 0.44873 0.034668 0.0751953 
3 0.459818 0.522949 0.44873 0.0449219 0.0673828 
3 0.412113 0.568359 0.428223 0.0488281 0.0869141 
2 0.399927 0.537842 0.429199 0.0385742 0.102539 
9 0.360922 0.540283 0.458984 0.0375977 0.0800781 
3 0.359887 0.581299 0.444824 0.0668945 0.0830078 
9 0.316033 0.540527 0.474609 0.0283203 0.0742188 
9 0.307524 0.772705 0.460938 0.0405273 0.0839844 
3 0.255717 0.525879 0.432617 0.046875 0.0644531 
3 0.254435 0.616211 0.443848 0.0517578 0.0654297 
