3 0.913014 0.315674 0.472168 0.0952148 0.147461 
3 0.891844 0.634521 0.469238 0.0786133 0.141602 
3 0.787022 0.719482 0.490234 0.153809 0.197266 
3 0.732961 0.41333 0.450684 0.0249023 0.0439453 
3 0.698372 0.866699 0.52832 0.25 0.296875 
3 0.667271 0.572998 0.45752 0.0717773 0.0810547 
3 0.631196 0.428467 0.450684 0.0249023 0.0498047 
3 0.611521 0.446045 0.447266 0.0327148 0.0585938 
3 0.601092 0.491211 0.447266 0.0429688 0.0703125 
3 0.595586 0.400635 0.450684 0.0239258 0.0361328 
3 0.561819 0.477051 0.448242 0.0371094 0.0703125 
3 0.516584 0.460938 0.448242 0.0302734 0.0605469 
3 0.500502 0.959473 0.602539 0.078125 0.396484 
10 0.459745 0.508057 0.455078 0.0424805 0.0722656 
9 0.390096 0.0998535 0.489746 0.050293 0.0927734 
9 0.380543 0.584473 0.473145 0.0380859 0.0810547 
10 0.357016 0.520264 0.458984 0.043457 0.0664062 
3 0.347186 0.241699 0.453613 0.0332031 0.0537109 
3 0.328943 0.226074 0.454102 0.046875 0.0625 
9 0.295242 0.572998 0.449707 0.0766602 0.108398 
3 0.294296 0.568359 0.429199 0.0771484 0.114258 
9 0.283048 0.0869141 0.492188 0.0380859 0.0820312 
9 0.276656 0.119873 0.486328 0.0463867 0.105469 
