3 0.869949 0.57666 0.515625 0.226562 0.398438 
0 0.784517 0.887451 0.447266 0.0600586 0.328125 
2 0.761209 0.147217 0.452148 0.0493164 0.169922 
0 0.618114 0.801758 0.459961 0.0332031 0.183594 
9 0.58404 0.224854 0.521484 0.0532227 0.210938 
2 0.532915 0.382812 0.457031 0.0390625 0.138672 
9 0.516708 0.14502 0.513184 0.078125 0.104492 
0 0.493738 0.745361 0.445312 0.027832 0.150391 
9 0.482356 0.303711 0.51123 0.0585938 0.116211 
9 0.442005 0.397461 0.483398 0.0683594 0.103516 
3 0.418445 0.439697 0.472168 0.0561523 0.0634766 
9 0.395946 0.303467 0.511719 0.0444336 0.0878906 
0 0.380484 0.292236 0.452637 0.0288086 0.104492 
2 0.343629 0.384521 0.475586 0.0629883 0.123047 
2 0.332509 0.227051 0.483887 0.0566406 0.227539 
2 0.291852 0.30127 0.486816 0.0351562 0.116211 
9 0.281155 0.291504 0.505371 0.0664062 0.0986328 
