3 0.830248 0.283936 0.527344 0.186035 0.255859 
3 0.737076 0.411377 0.462402 0.059082 0.110352 
9 0.698941 0.118896 0.487793 0.0561523 0.15918 
3 0.692939 0.628906 0.489746 0.0566406 0.12207 
3 0.683412 0.895508 0.61377 0.19043 0.495117 
3 0.671661 0.681885 0.507812 0.119629 0.167969 
3 0.646318 0.0292969 0.692871 0.0605469 0.549805 
3 0.623719 0.601562 0.477051 0.0400391 0.0966797 
3 0.616105 0.613525 0.482422 0.0473633 0.109375 
3 0.586192 0.368164 0.505371 0.0634766 0.135742 
3 0.565298 0.402588 0.481445 0.0512695 0.109375 
3 0.555235 0.538574 0.455078 0.0244141 0.0488281 
3 0.54627 0.580078 0.464355 0.0449219 0.0810547 
3 0.546081 0.458984 0.450684 0.0263672 0.0595703 
9 0.535148 0.129639 0.48584 0.0522461 0.131836 
3 0.511861 0.587402 0.474609 0.0380859 0.0839844 
3 0.440149 0.568604 0.461426 0.0385742 0.0810547 
10 0.421682 0.79126 0.51123 0.0375977 0.0830078 
3 0.415351 0.449219 0.461426 0.0253906 0.0732422 
3 0.330805 0.554443 0.458984 0.0297852 0.0605469 
10 0.317792 0.80127 0.508789 0.0449219 0.0859375 
3 0.26675 0.527832 0.452148 0.0166016 0.0292969 
9 0.255215 0.79126 0.51123 0.0375977 0.0830078 
3 0.251947 0.428467 0.474121 0.0366211 0.0908203 
