3 0.89919 0.817139 0.470215 0.0737305 0.0927734 
3 0.840987 0.676514 0.449219 0.0219727 0.0390625 
3 0.742023 0.321533 0.487305 0.140137 0.15625 
3 0.712333 0.762695 0.45752 0.0507812 0.0712891 
3 0.676871 0.491455 0.456055 0.0366211 0.078125 
3 0.675754 0.974609 0.518066 0.0527344 0.163086 
8 0.668992 0.458984 0.510742 0.0380859 0.142578 
3 0.481624 0.421387 0.467285 0.0800781 0.0791016 
3 0.408689 0.543945 0.45166 0.0273438 0.0400391 
3 0.363709 0.553223 0.452148 0.0283203 0.0410156 
3 0.301285 0.478027 0.451172 0.0410156 0.0722656 
3 0.293049 0.368896 0.420898 0.111816 0.113281 
3 0.292314 0.429688 0.476562 0.0498047 0.0683594 
2 0.290635 0.460449 0.490723 0.0371094 0.124023 
3 0.288321 0.568359 0.449707 0.0234375 0.0341797 
3 0.27838 0.380859 0.419434 0.0839844 0.0888672 
3 0.258975 0.321289 0.503906 0.103516 0.125 
3 0.253645 0.416992 0.459473 0.0517578 0.0830078 
3 0.25022 0.738037 0.455566 0.0219727 0.0615234 
