3 0.880995 0.54126 0.463379 0.0913086 0.15918 
3 0.802114 0.483643 0.455078 0.050293 0.0878906 
8 0.774314 0.765381 0.463867 0.0493164 0.130859 
3 0.752922 0.19165 0.473145 0.0952148 0.0927734 
0 0.679837 0.852539 0.464844 0.0458984 0.175781 
0 0.626147 0.821045 0.48584 0.0327148 0.110352 
0 0.570039 0.667969 0.430176 0.0214844 0.112305 
10 0.492474 0.324219 0.464355 0.0966797 0.0791016 
3 0.462093 0.0646973 0.506348 0.118652 0.165039 
0 0.277213 0.836914 0.483398 0.0332031 0.140625 
0 0.276152 0.828613 0.477539 0.0449219 0.150391 
