3 0.854488 0.512451 0.455566 0.0366211 0.0458984 
3 0.786911 0.569336 0.459473 0.0273438 0.0400391 
3 0.750831 0.629883 0.453613 0.0263672 0.0322266 
3 0.61961 0.587891 0.456055 0.0234375 0.0371094 
2 0.610225 0.331787 0.45752 0.0268555 0.118164 
2 0.535758 0.331543 0.458984 0.0234375 0.078125 
0 0.521679 0.754639 0.452148 0.0170898 0.0683594 
3 0.462768 0.597656 0.455566 0.0175781 0.0302734 
9 0.449591 0.332275 0.474609 0.0229492 0.0664062 
3 0.432823 0.621094 0.455566 0.0205078 0.0302734 
3 0.392173 0.648926 0.450684 0.0175781 0.0283203 
3 0.34421 0.783447 0.441895 0.0229492 0.0361328 
