3 0.942646 0.366699 0.48291 0.110352 0.157227 
3 0.811239 0.0878906 0.583984 0.161133 0.722656 
3 0.80397 0.302979 0.512207 0.120605 0.219727 
0 0.776302 0.657959 0.452148 0.0424805 0.226562 
0 0.719059 0.695801 0.459961 0.0371094 0.210938 
3 0.698303 0.432373 0.463867 0.0522461 0.0800781 
3 0.673979 0.193115 0.554688 0.246582 0.369141 
3 0.644372 0.461914 0.456055 0.0292969 0.0683594 
3 0.524858 0.444336 0.456055 0.0439453 0.0722656 
9 0.50615 0.428467 0.480957 0.0356445 0.0751953 
3 0.492719 0.537842 0.425293 0.019043 0.0419922 
3 0.481387 0.477051 0.452148 0.0205078 0.0546875 
0 0.480102 0.599854 0.429199 0.0219727 0.114258 
3 0.430929 0.523682 0.428223 0.0288086 0.0478516 
3 0.382379 0.556885 0.424316 0.0200195 0.0283203 
0 0.309973 0.615723 0.426758 0.0214844 0.101562 
0 0.274659 0.628906 0.42041 0.0205078 0.0966797 
3 0.273241 0.566162 0.421387 0.0209961 0.0302734 
