3 0.921119 0.675293 0.458496 0.134766 0.209961 
3 0.893683 0.864014 0.535156 0.206543 0.289062 
3 0.870932 0.34082 0.470215 0.114258 0.202148 
3 0.81367 0.599365 0.470215 0.0541992 0.106445 
3 0.810996 0.931641 0.585938 0.125977 0.388672 
3 0.726821 0.0214844 0.524902 0.0380859 0.200195 
3 0.651181 0.559082 0.461914 0.0488281 0.0839844 
3 0.550303 0.746826 0.503906 0.137207 0.197266 
0 0.547141 0.411133 0.455078 0.0185547 0.0878906 
0 0.514589 0.431641 0.457031 0.0166016 0.0761719 
3 0.426315 0.57666 0.468262 0.0527344 0.0927734 
0 0.422752 0.45874 0.454102 0.0200195 0.0625 
10 0.387065 0.522949 0.45752 0.0361328 0.0478516 
10 0.386852 0.509033 0.456543 0.0424805 0.0517578 
0 0.353076 0.444824 0.457031 0.0195312 0.0644531 
