3 0.893604 0.786377 0.534668 0.215332 0.299805 
3 0.860863 0.677979 0.513672 0.0834961 0.189453 
3 0.812976 0.160889 0.553223 0.131348 0.208008 
3 0.803143 0.246338 0.535645 0.0737305 0.12793 
5 0.717318 0.390625 0.448242 0.0771484 0.181641 
3 0.665639 0.258789 0.520996 0.0732422 0.12793 
3 0.56906 0.614014 0.505371 0.0551758 0.125977 
3 0.558042 0.923096 0.467285 0.0913086 0.0693359 
3 0.549698 0.0634766 0.588867 0.116211 0.294922 
3 0.531377 0.304199 0.516602 0.0361328 0.0917969 
3 0.491199 0.287598 0.51123 0.0537109 0.120117 
3 0.451947 0.641846 0.506836 0.0620117 0.146484 
3 0.322054 0.335693 0.485352 0.0219727 0.0292969 
0 0.294092 0.442627 0.45752 0.0141602 0.0576172 
3 0.267342 0.917725 0.463379 0.0620117 0.0556641 
