3 0.923011 0.297119 0.445312 0.0708008 0.0996094 
2 0.834482 0.774902 0.418457 0.0263672 0.12207 
0 0.786762 0.876953 0.419434 0.0263672 0.147461 
2 0.777024 0.821533 0.423828 0.027832 0.111328 
3 0.711 0.240234 0.43457 0.0595703 0.0800781 
0 0.645213 0.651123 0.412598 0.0151367 0.0615234 
3 0.629626 0.334717 0.432617 0.0493164 0.0859375 
9 0.618615 0.82251 0.449707 0.0268555 0.0791016 
9 0.581021 0.776123 0.448242 0.0229492 0.0625 
0 0.535406 0.661865 0.413086 0.0151367 0.0644531 
9 0.429483 0.975586 0.444336 0.0576172 0.109375 
0 0.386858 0.691162 0.415039 0.0161133 0.0585938 
9 0.300267 0.96167 0.446289 0.0600586 0.107422 
