3 0.913044 0.760498 0.468262 0.140137 0.21582 
3 0.867722 0.0844727 0.455078 0.111328 0.0878906 
3 0.800641 0.317871 0.430664 0.102539 0.0878906 
3 0.697315 0.60083 0.414062 0.116699 0.0878906 
0 0.681835 0.539551 0.422852 0.0361328 0.15625 
0 0.601663 0.822754 0.414551 0.0205078 0.131836 
2 0.585731 0.867676 0.410156 0.0507812 0.183594 
9 0.513957 0.980957 0.464844 0.0380859 0.177734 
9 0.510335 0.981934 0.475098 0.0292969 0.116211 
0 0.506009 0.47998 0.430664 0.0419922 0.171875 
2 0.382967 0.983154 0.417969 0.034668 0.193359 
9 0.341738 0.865723 0.455078 0.0527344 0.121094 
2 0.313052 0.868408 0.422852 0.0581055 0.119141 
