9 0.833597 0.537354 0.533691 0.151855 0.165039 
0 0.823611 0.412842 0.472168 0.0581055 0.264648 
0 0.720623 0.466064 0.429199 0.0258789 0.0947266 
9 0.696043 0.733154 0.537109 0.154785 0.193359 
0 0.688763 0.828613 0.464844 0.0527344 0.273438 
0 0.67012 0.849609 0.47168 0.0576172 0.308594 
0 0.669195 0.265137 0.481445 0.0644531 0.205078 
9 0.666284 0.852295 0.550781 0.160645 0.265625 
3 0.644748 0.335938 0.467285 0.0673828 0.106445 
2 0.593678 0.536133 0.464355 0.09375 0.321289 
9 0.584121 0.171631 0.559082 0.131348 0.239258 
0 0.549177 0.466309 0.442383 0.0332031 0.142578 
0 0.482672 0.884766 0.461426 0.0429688 0.233398 
0 0.391077 0.726807 0.470703 0.0649414 0.289062 
0 0.380876 0.527832 0.451172 0.0634766 0.316406 
0 0.380866 0.171143 0.457031 0.059082 0.318359 
0 0.367811 0.817139 0.449219 0.0463867 0.214844 
0 0.342342 0.523193 0.426758 0.0463867 0.214844 
0 0.31402 0.458984 0.459473 0.0419922 0.157227 
0 0.31244 0.19165 0.459473 0.0551758 0.282227 
9 0.306695 0.773926 0.561035 0.213867 0.254883 
2 0.304321 0.528809 0.461426 0.0615234 0.290039 
0 0.294139 0.42749 0.456543 0.0483398 0.194336 
0 0.290668 0.4729 0.42627 0.0239258 0.0908203 
3 0.258063 0.914062 0.422852 0.0273438 0.046875 
