3 0.884677 0.832764 0.547852 0.252441 0.300781 
3 0.874526 0.604248 0.475586 0.0581055 0.0800781 
3 0.757181 0.181885 0.557617 0.230957 0.287109 
3 0.723064 0.554688 0.461914 0.0234375 0.0371094 
3 0.716753 0.364014 0.493164 0.0668945 0.130859 
3 0.70955 0.399414 0.485352 0.0390625 0.0898438 
3 0.672376 0.30957 0.514648 0.0908203 0.173828 
3 0.652746 0.428223 0.475586 0.0351562 0.0722656 
3 0.638471 0.413818 0.479004 0.0356445 0.0771484 
3 0.511922 0.570312 0.464844 0.0244141 0.0488281 
3 0.463047 0.443604 0.472168 0.0229492 0.0595703 
0 0.445093 0.680176 0.452148 0.0214844 0.0703125 
3 0.375847 0.388428 0.486816 0.0483398 0.104492 
3 0.369828 0.54126 0.461914 0.0249023 0.03125 
3 0.332887 0.444336 0.46582 0.0332031 0.0644531 
3 0.331922 0.521729 0.461426 0.034668 0.0322266 
3 0.313775 0.723877 0.51709 0.0756836 0.174805 
0 0.276038 0.694336 0.454102 0.0175781 0.0488281 
