3 0.898477 0.389404 0.48291 0.0854492 0.129883 
3 0.89425 0.331543 0.489746 0.0605469 0.0986328 
3 0.807785 0.12085 0.478027 0.097168 0.106445 
9 0.626814 0.976318 0.51123 0.0629883 0.161133 
0 0.572657 0.257324 0.472168 0.0253906 0.102539 
2 0.481439 0.758545 0.429688 0.0600586 0.224609 
9 0.470373 0.766113 0.507324 0.0517578 0.133789 
0 0.441032 0.243652 0.47168 0.0253906 0.105469 
3 0.42428 0.513916 0.459961 0.0463867 0.0742188 
0 0.405961 0.301514 0.461426 0.0131836 0.0556641 
0 0.367706 0.217285 0.462891 0.015625 0.0761719 
3 0.354925 0.048584 0.466797 0.0922852 0.101562 
9 0.317508 0.761719 0.46582 0.0537109 0.205078 
0 0.300483 0.224365 0.474609 0.0249023 0.0996094 
