3 0.876753 0.662109 0.473633 0.0439453 0.0625 
9 0.845482 0.0473633 0.599121 0.103516 0.264648 
2 0.654361 0.274414 0.430176 0.0292969 0.102539 
9 0.590064 0.568115 0.60498 0.164551 0.227539 
9 0.571393 0.273682 0.44873 0.034668 0.0712891 
3 0.520014 0.696777 0.472168 0.0273438 0.0458984 
3 0.510972 0.0549316 0.409668 0.0268555 0.0263672 
2 0.489055 0.0205078 0.467773 0.0361328 0.357422 
3 0.45214 0.882324 0.460449 0.0830078 0.106445 
3 0.43379 0.0830078 0.410645 0.0214844 0.0283203 
9 0.421532 0.424561 0.447754 0.0161133 0.0693359 
3 0.40615 0.0722656 0.409668 0.0234375 0.0283203 
2 0.379554 0.424805 0.445801 0.0224609 0.0771484 
3 0.3686 0.104736 0.410645 0.019043 0.0263672 
0 0.319869 0.459473 0.447266 0.0175781 0.0703125 
3 0.298103 0.11377 0.410645 0.0185547 0.0283203 
3 0.278272 0.70874 0.458984 0.027832 0.0566406 
2 0.251673 0.0219727 0.478516 0.0625 0.207031 
