3 0.830225 0.0986328 0.415039 0.198242 0.21875 
9 0.665844 0.377441 0.45166 0.0244141 0.0751953 
9 0.633818 0.276123 0.446289 0.0249023 0.0449219 
9 0.628729 0.372559 0.451172 0.0195312 0.0664062 
3 0.61237 0.743164 0.47168 0.196289 0.132812 
2 0.510125 0.370117 0.428223 0.0195312 0.0810547 
2 0.492673 0.378418 0.431641 0.0234375 0.078125 
3 0.430272 0.314697 0.44043 0.0581055 0.0761719 
0 0.413224 0.979736 0.430176 0.0229492 0.129883 
0 0.407978 0.944824 0.446777 0.0146484 0.0595703 
6 0.38144 0.731934 0.450684 0.293945 0.180664 
6 0.326973 0.641602 0.407715 0.355469 0.194336 
