3 0.884244 0.617676 0.463867 0.0849609 0.132812 
3 0.865771 0.570801 0.449219 0.0322266 0.0703125 
3 0.816535 0.143066 0.456543 0.263672 0.182617 
2 0.77431 0.513672 0.467285 0.0410156 0.213867 
3 0.759484 0.478271 0.433105 0.0297852 0.0517578 
3 0.636762 0.934814 0.602539 0.129395 0.619141 
3 0.628551 0.539062 0.432129 0.0195312 0.0361328 
9 0.553117 0.764893 0.482422 0.0512695 0.0976562 
3 0.545043 0.459473 0.442383 0.0292969 0.0605469 
3 0.494174 0.146729 0.474609 0.188965 0.173828 
9 0.466232 0.440674 0.512207 0.034668 0.145508 
9 0.451782 0.868896 0.48584 0.0688477 0.110352 
3 0.433413 0.556641 0.444336 0.0234375 0.0488281 
9 0.393712 0.371094 0.457031 0.0224609 0.0742188 
2 0.388599 0.44458 0.465332 0.0375977 0.170898 
3 0.357822 0.487793 0.426758 0.0205078 0.0390625 
9 0.356915 0.513184 0.514648 0.0361328 0.132812 
9 0.315033 0.433838 0.482422 0.0395508 0.140625 
9 0.292419 0.164551 0.510742 0.0917969 0.164062 
3 0.28001 0.273682 0.478027 0.0717773 0.114258 
9 0.268944 0.774414 0.481934 0.0361328 0.114258 
