3 0.871336 0.102051 0.523926 0.185547 0.141602 
5 0.833658 0.427734 0.416016 0.0839844 0.197266 
0 0.715057 0.195312 0.479492 0.0205078 0.111328 
3 0.698918 0.618652 0.457031 0.0478516 0.0898438 
0 0.652287 0.191895 0.463379 0.0253906 0.0732422 
3 0.602593 0.489014 0.446777 0.0219727 0.0380859 
0 0.510683 0.26123 0.481445 0.0185547 0.0664062 
0 0.459469 0.266846 0.478516 0.0151367 0.0625 
6 0.451018 0.547607 0.413086 0.0561523 0.138672 
0 0.387406 0.210205 0.486816 0.0219727 0.0908203 
9 0.387373 0.211914 0.51123 0.0292969 0.0673828 
3 0.372747 0.543213 0.449707 0.0463867 0.0849609 
3 0.351174 0.477051 0.454102 0.0302734 0.0605469 
0 0.289627 0.184082 0.457031 0.0205078 0.0625 
3 0.282183 0.510986 0.441895 0.0161133 0.0361328 
