3 0.942781 0.897705 0.571777 0.200684 0.499023 
3 0.903354 0.614014 0.447266 0.0512695 0.0703125 
3 0.899383 0.797119 0.476562 0.214355 0.324219 
9 0.884082 0.671143 0.466309 0.0629883 0.0986328 
3 0.849682 0.43457 0.459961 0.0615234 0.0898438 
3 0.764316 0.192383 0.516113 0.149414 0.186523 
3 0.620534 0.341797 0.478027 0.0673828 0.108398 
3 0.512554 0.588867 0.442871 0.0195312 0.0478516 
8 0.408432 0.273193 0.516113 0.0327148 0.0849609 
3 0.356906 0.603027 0.443848 0.0380859 0.0654297 
9 0.347565 0.0407715 0.570312 0.0786133 0.167969 
3 0.343311 0.465576 0.457031 0.0229492 0.046875 
3 0.329588 0.542725 0.440918 0.0297852 0.0341797 
3 0.306854 0.552979 0.43457 0.0288086 0.03125 
3 0.303495 0.474121 0.453613 0.0273438 0.0498047 
