0 0.877311 0.57959 0.474121 0.0908203 0.463867 
0 0.833578 0.723877 0.417969 0.0405273 0.185547 
0 0.79981 0.974609 0.416016 0.0566406 0.345703 
0 0.756024 0.146729 0.431641 0.0268555 0.121094 
0 0.672975 0.258301 0.425781 0.0195312 0.0839844 
0 0.669504 0.195557 0.491211 0.0688477 0.291016 
0 0.567172 0.365723 0.506836 0.100586 0.324219 
0 0.558849 0.243164 0.426758 0.0166016 0.0839844 
0 0.544169 0.118896 0.441406 0.0327148 0.152344 
0 0.478658 0.320557 0.412109 0.0141602 0.0546875 
9 0.43473 0.450928 0.419922 0.0141602 0.0488281 
2 0.327344 0.44751 0.398926 0.019043 0.0576172 
0 0.312531 0.136963 0.433105 0.0317383 0.145508 
0 0.294811 0.491455 0.397949 0.0151367 0.0693359 
0 0.273171 0.223877 0.452148 0.0180664 0.0917969 
