3 0.92406 0.0405273 0.490723 0.0761719 0.0830078 
3 0.866345 0.380859 0.458008 0.0537109 0.0917969 
3 0.862266 0.45459 0.468262 0.0830078 0.12793 
3 0.763231 0.491211 0.455078 0.0361328 0.0800781 
0 0.713288 0.569824 0.422363 0.0224609 0.0810547 
3 0.454584 0.409668 0.449219 0.0292969 0.0644531 
3 0.393432 0.478516 0.453125 0.0439453 0.0898438 
2 0.343282 0.569092 0.42041 0.0170898 0.0869141 
0 0.338546 0.147461 0.45752 0.015625 0.0654297 
10 0.30937 0.147949 0.478516 0.0292969 0.0410156 
3 0.287284 0.901855 0.389648 0.0546875 0.123047 
10 0.275421 0.115967 0.484375 0.0268555 0.0449219 
2 0.266317 0.365479 0.457031 0.0268555 0.0898438 
3 0.263442 0.765869 0.431152 0.0942383 0.0908203 
3 0.259633 0.504883 0.447266 0.0273438 0.0527344 
