3 0.898679 0.604248 0.460938 0.132324 0.181641 
9 0.790029 0.506592 0.551758 0.0581055 0.173828 
9 0.774731 0.354492 0.525391 0.0957031 0.220703 
2 0.736192 0.51001 0.46582 0.0522461 0.230469 
9 0.678943 0.678955 0.481445 0.0229492 0.0605469 
3 0.676438 0.91626 0.608398 0.154785 0.490234 
0 0.660922 0.451904 0.449219 0.0356445 0.162109 
3 0.622873 0.855469 0.526367 0.130859 0.310547 
0 0.452377 0.325439 0.428223 0.0571289 0.25293 
0 0.340139 0.768066 0.458496 0.0205078 0.112305 
9 0.27773 0.669189 0.481934 0.0209961 0.0615234 
3 0.277373 0.817627 0.526855 0.065918 0.225586 
