3 0.94089 0.9021 0.575195 0.187012 0.451172 
3 0.899915 0.683105 0.470215 0.0683594 0.108398 
0 0.873412 0.296631 0.468262 0.0395508 0.192383 
0 0.832684 0.240967 0.457031 0.0405273 0.228516 
3 0.756844 0.806152 0.47168 0.0996094 0.132812 
3 0.751889 0.540283 0.45166 0.0571289 0.0693359 
3 0.724571 0.573486 0.450195 0.0395508 0.0585938 
3 0.604823 0.634277 0.447754 0.0234375 0.0380859 
3 0.550124 0.647461 0.446777 0.0224609 0.0380859 
3 0.449082 0.583252 0.447266 0.0307617 0.0527344 
3 0.324235 0.602295 0.444336 0.0297852 0.0566406 
3 0.323892 0.634033 0.446289 0.0327148 0.046875 
3 0.25598 0.616943 0.444824 0.0297852 0.0517578 
