3 0.902425 0.348877 0.459473 0.0834961 0.139648 
0 0.842812 0.765381 0.420898 0.0288086 0.154297 
3 0.828701 0.697021 0.449219 0.125488 0.175781 
3 0.80734 0.227051 0.448242 0.120117 0.078125 
3 0.788718 0.637695 0.450684 0.0478516 0.110352 
3 0.729208 0.525879 0.423828 0.0341797 0.0371094 
3 0.700494 0.569336 0.424316 0.0263672 0.0439453 
3 0.59792 0.45874 0.428223 0.0249023 0.0283203 
3 0.59328 0.0583496 0.470215 0.10498 0.0849609 
0 0.580422 0.1604 0.449707 0.019043 0.0830078 
9 0.50035 0.948486 0.418945 0.0600586 0.117188 
9 0.488337 0.288574 0.446777 0.0263672 0.0419922 
9 0.480496 0.924805 0.421875 0.0751953 0.101562 
3 0.476534 0.557861 0.42334 0.0209961 0.0322266 
3 0.40903 0.586914 0.428223 0.0439453 0.0576172 
9 0.391976 0.831299 0.440918 0.0913086 0.118164 
3 0.383917 0.478271 0.422852 0.0317383 0.0292969 
3 0.345268 0.446777 0.429199 0.0234375 0.0283203 
3 0.305242 0.48999 0.42041 0.0317383 0.0302734 
3 0.281596 0.414551 0.427246 0.0244141 0.0283203 
3 0.279322 0.398438 0.427734 0.0214844 0.0273438 
0 0.253174 0.426514 0.432617 0.027832 0.119141 
