3 0.906164 0.450439 0.463867 0.0913086 0.125 
3 0.867254 0.602295 0.430176 0.0522461 0.0654297 
3 0.86472 0.511719 0.452148 0.0537109 0.0878906 
3 0.841838 0.919434 0.416016 0.0800781 0.134766 
3 0.790864 0.962402 0.446289 0.0751953 0.169922 
3 0.784992 0.645508 0.416992 0.0478516 0.0585938 
3 0.578211 0.870117 0.394043 0.0400391 0.0673828 
3 0.52961 0.560547 0.435059 0.0605469 0.0830078 
3 0.377745 0.852539 0.388184 0.0195312 0.0302734 
3 0.3519 0.616943 0.423828 0.0229492 0.0546875 
3 0.270232 0.879883 0.391602 0.0390625 0.0703125 
