2 0.662071 0.0224609 0.46582 0.0439453 0.292969 
3 0.629229 0.533447 0.441895 0.0708008 0.116211 
2 0.536545 0.272705 0.457031 0.0317383 0.138672 
8 0.504972 0.0878906 0.486816 0.0634766 0.124023 
3 0.483382 0.600586 0.419434 0.0625 0.0771484 
2 0.428 0.36499 0.431152 0.0209961 0.0908203 
9 0.41073 0.273926 0.478027 0.0322266 0.120117 
0 0.402599 0.191406 0.462891 0.0380859 0.164062 
0 0.387331 0.33252 0.430664 0.015625 0.0761719 
10 0.384216 0.304932 0.45459 0.0473633 0.0556641 
2 0.342851 0.190918 0.449707 0.0419922 0.165039 
2 0.334904 0.0197754 0.484863 0.0532227 0.200195 
9 0.334526 0.364746 0.440918 0.0205078 0.0615234 
8 0.310754 0.0534668 0.484863 0.065918 0.157227 
9 0.299989 0.0229492 0.523438 0.0498047 0.25 
10 0.278754 0.396973 0.431152 0.0380859 0.0419922 
0 0.272039 0.36499 0.431152 0.0200195 0.0869141 
9 0.263728 0.0222168 0.569824 0.0571289 0.168945 
10 0.262803 0.412842 0.427734 0.0336914 0.0390625 
