0 0.877578 0.596924 0.416016 0.0209961 0.0859375 
0 0.797435 0.66626 0.412598 0.0219727 0.0810547 
9 0.781011 0.786865 0.458984 0.0385742 0.109375 
2 0.730632 0.786377 0.424316 0.0356445 0.143555 
3 0.669414 0.509766 0.412598 0.0351562 0.0361328 
0 0.660127 0.62207 0.42041 0.0214844 0.0888672 
3 0.595099 0.305176 0.40918 0.0634766 0.0507812 
0 0.590441 0.929688 0.433105 0.0234375 0.0947266 
0 0.494839 0.627197 0.417969 0.0161133 0.0761719 
9 0.320771 0.220459 0.419434 0.0268555 0.0908203 
3 0.283003 0.474609 0.411621 0.0458984 0.0419922 
0 0.280198 0.910156 0.432617 0.0273438 0.103516 
0 0.260493 0.416748 0.419922 0.0249023 0.0976562 
