3 0.827672 0.470703 0.444824 0.0615234 0.0927734 
3 0.814675 0.416016 0.457031 0.03125 0.046875 
0 0.77853 0.25293 0.450195 0.0175781 0.0820312 
0 0.75291 0.839111 0.411133 0.0336914 0.142578 
0 0.745977 0.182373 0.449219 0.0249023 0.146484 
2 0.722136 0.286621 0.45459 0.0332031 0.125977 
9 0.719087 0.288818 0.48291 0.0375977 0.0986328 
9 0.714855 0.592285 0.537598 0.129883 0.229492 
0 0.68136 0.244141 0.44873 0.0195312 0.0888672 
0 0.629975 0.229492 0.447754 0.0185547 0.0888672 
9 0.597118 0.5979 0.540039 0.164551 0.160156 
2 0.545195 0.587646 0.472656 0.0756836 0.320312 
3 0.455157 0.51709 0.447266 0.0234375 0.0390625 
0 0.449872 0.207031 0.44873 0.0205078 0.0927734 
0 0.41714 0.351807 0.453125 0.0141602 0.0585938 
3 0.350461 0.512207 0.443848 0.0195312 0.0341797 
3 0.339659 0.426758 0.450195 0.0253906 0.0390625 
0 0.327715 0.337402 0.450684 0.015625 0.0615234 
0 0.308563 0.367432 0.453613 0.0141602 0.0517578 
