2 0.856899 0.725098 0.424316 0.0488281 0.192383 
3 0.822215 0.455811 0.442871 0.138184 0.0966797 
0 0.71827 0.305908 0.432129 0.0249023 0.0927734 
0 0.708004 0.254639 0.433594 0.0229492 0.0957031 
2 0.641705 0.371582 0.426758 0.0185547 0.0976562 
0 0.595242 0.394531 0.422852 0.0185547 0.0742188 
0 0.508653 0.383301 0.424316 0.0205078 0.0986328 
0 0.492252 0.314941 0.428711 0.0214844 0.0957031 
9 0.463116 0.722168 0.484863 0.0390625 0.120117 
3 0.430051 0.27124 0.429199 0.0649414 0.0791016 
9 0.421877 0.372559 0.446289 0.0214844 0.0585938 
3 0.396609 0.29248 0.429688 0.0664062 0.0703125 
0 0.376705 0.898438 0.47998 0.0341797 0.125977 
0 0.371728 0.133057 0.424316 0.0170898 0.0732422 
9 0.340405 0.38208 0.448242 0.0327148 0.0605469 
3 0.324418 0.276855 0.432617 0.0507812 0.0585938 
0 0.319611 0.371582 0.42627 0.0205078 0.100586 
