3 0.880874 0.229736 0.460449 0.281738 0.401367 
3 0.875112 0.427246 0.455078 0.0722656 0.107422 
3 0.728713 0.488281 0.444824 0.0302734 0.0478516 
3 0.679649 0.0817871 0.530762 0.109863 0.213867 
3 0.678055 0.747314 0.490234 0.16748 0.212891 
3 0.669405 0.557617 0.434082 0.0185547 0.0244141 
3 0.616768 0.568359 0.433594 0.0224609 0.0253906 
3 0.381229 0.46167 0.450195 0.0200195 0.0507812 
3 0.37392 0.511719 0.440918 0.0205078 0.0361328 
3 0.358031 0.518066 0.439941 0.0185547 0.0302734 
3 0.317778 0.942871 0.358887 0.109375 0.208008 
3 0.308136 0.581787 0.432129 0.0151367 0.0185547 
3 0.303849 0.47876 0.444824 0.027832 0.0458984 
