2 0.819092 0.538086 0.455078 0.0361328 0.203125 
3 0.799287 0.58374 0.461914 0.0776367 0.140625 
0 0.735328 0.104736 0.583496 0.11377 0.543945 
0 0.696201 0.248291 0.458496 0.0395508 0.186523 
0 0.654633 0.882568 0.407715 0.0375977 0.133789 
0 0.638077 0.389404 0.557129 0.11377 0.600586 
9 0.570105 0.95874 0.47168 0.0756836 0.134766 
9 0.534541 0.568115 0.538574 0.027832 0.124023 
0 0.529885 0.96582 0.422852 0.0283203 0.169922 
0 0.500509 0.847168 0.390137 0.0244141 0.0849609 
2 0.475395 0.840088 0.419434 0.0424805 0.15332 
2 0.456244 0.965332 0.447266 0.0400391 0.193359 
9 0.425475 0.536377 0.515625 0.0385742 0.0976562 
9 0.4221 0.544922 0.524414 0.046875 0.128906 
0 0.418201 0.885986 0.397461 0.0327148 0.0898438 
9 0.405102 0.83252 0.476074 0.103516 0.15332 
0 0.404417 0.868164 0.39209 0.0205078 0.0771484 
0 0.375851 0.894043 0.395996 0.0234375 0.0908203 
9 0.364935 0.9729 0.477539 0.0561523 0.117188 
0 0.350603 0.839844 0.38916 0.0263672 0.0810547 
2 0.318898 0.96582 0.422852 0.0283203 0.169922 
2 0.312179 0.8396 0.391113 0.0317383 0.112305 
9 0.268579 0.536133 0.519043 0.0244141 0.0986328 
2 0.263263 0.247559 0.474609 0.0322266 0.136719 
