9 0.814238 0.693115 0.489258 0.0805664 0.142578 
9 0.745955 0.95874 0.47998 0.0786133 0.141602 
0 0.736307 0.558838 0.463867 0.0336914 0.152344 
3 0.712714 0.276367 0.473633 0.0771484 0.113281 
3 0.688761 0.352051 0.458496 0.0273438 0.0595703 
3 0.684768 0.364746 0.453613 0.0224609 0.0537109 
3 0.619824 0.335449 0.461914 0.0322266 0.0800781 
9 0.554236 0.602539 0.487305 0.0517578 0.103516 
2 0.500806 0.60083 0.457031 0.0288086 0.121094 
9 0.494085 0.615479 0.481445 0.0698242 0.103516 
2 0.493645 0.450439 0.452148 0.0444336 0.126953 
3 0.461121 0.537598 0.416992 0.0214844 0.03125 
9 0.413303 0.450684 0.483887 0.0810547 0.0986328 
3 0.39698 0.414062 0.441895 0.0263672 0.0302734 
10 0.38446 0.113281 0.515625 0.140625 0.167969 
3 0.361494 0.493652 0.421387 0.0175781 0.0322266 
3 0.359596 0.319824 0.462891 0.0449219 0.09375 
9 0.33633 0.790771 0.45752 0.0541992 0.0927734 
2 0.313399 0.449951 0.47168 0.0698242 0.111328 
9 0.289637 0.630615 0.481445 0.0620117 0.0976562 
3 0.285493 0.318359 0.473633 0.0322266 0.0917969 
9 0.269373 0.802246 0.460449 0.0273438 0.0810547 
0 0.252061 0.57373 0.46875 0.0429688 0.126953 
