0 0.929902 0.852051 0.429199 0.0185547 0.0927734 
3 0.90441 0.745117 0.476074 0.155273 0.258789 
0 0.71042 0.0109863 0.460938 0.0239258 0.173828 
0 0.685326 0.0510254 0.458984 0.0200195 0.09375 
3 0.606198 0.679688 0.44873 0.0517578 0.12207 
2 0.585081 0.286621 0.425781 0.0361328 0.154297 
9 0.573104 0.208252 0.476562 0.0180664 0.0546875 
2 0.508185 0.324219 0.430176 0.0224609 0.141602 
0 0.494677 0.0371094 0.460449 0.0214844 0.108398 
0 0.430789 0.25708 0.42627 0.0180664 0.0791016 
9 0.422716 0.290283 0.477539 0.0249023 0.0683594 
9 0.404557 0.208252 0.474121 0.0229492 0.0732422 
2 0.382393 0.210693 0.457031 0.0219727 0.0820312 
0 0.364556 0.102783 0.453613 0.0180664 0.0830078 
0 0.352345 0.131104 0.445312 0.0170898 0.0644531 
2 0.339525 0.332275 0.430176 0.0249023 0.12793 
0 0.326465 0.0266113 0.461426 0.0219727 0.104492 
0 0.299136 0.324463 0.430176 0.0288086 0.135742 
0 0.266479 0.243896 0.42627 0.0180664 0.0673828 
0 0.266008 0.117188 0.449219 0.0185547 0.0585938 
9 0.254434 0.330811 0.475098 0.019043 0.0791016 
