0 0.901977 0.889404 0.526855 0.097168 0.487305 
0 0.833858 0.408936 0.537598 0.10791 0.37207 
3 0.832892 0.559326 0.471191 0.108887 0.145508 
0 0.80068 0.752441 0.413086 0.0234375 0.0644531 
0 0.773957 0.209229 0.444336 0.0317383 0.148438 
0 0.741173 0.181396 0.446289 0.0229492 0.123047 
9 0.601866 0.493408 0.450195 0.043457 0.0683594 
0 0.494657 0.366455 0.482422 0.0424805 0.193359 
9 0.484037 0.161133 0.568848 0.137695 0.260742 
9 0.440116 0.0268555 0.790527 0.0537109 0.262695 
10 0.377809 0.803711 0.490723 0.110352 0.129883 
0 0.355384 0.0866699 0.425293 0.0219727 0.102539 
10 0.354787 0.461914 0.452637 0.0625 0.0654297 
9 0.339236 0.320312 0.48584 0.0839844 0.12207 
10 0.326811 0.445557 0.45166 0.0581055 0.0634766 
0 0.320825 0.0354004 0.461914 0.0834961 0.511719 
10 0.320603 0.668945 0.481445 0.112305 0.128906 
10 0.308683 0.726318 0.470703 0.171387 0.130859 
10 0.302242 0.479004 0.452637 0.0566406 0.0673828 
10 0.286423 0.818848 0.487793 0.0800781 0.0966797 
9 0.271086 0.303711 0.487793 0.0742188 0.0986328 
0 0.270941 0.22876 0.449707 0.034668 0.161133 
10 0.263678 0.32251 0.486816 0.100098 0.0966797 
0 0.262838 0.677979 0.414062 0.0249023 0.0625 
0 0.260989 0.131836 0.455078 0.0263672 0.0878906 
0 0.256637 0.0861816 0.447266 0.027832 0.0917969 
9 0.251308 0.504395 0.449707 0.0283203 0.0654297 
