3 0.900814 0.926025 0.537109 0.147949 0.294922 
3 0.875267 0.667969 0.460938 0.0761719 0.117188 
3 0.674603 0.498779 0.462402 0.0366211 0.0615234 
2 0.673634 0.256104 0.480469 0.0200195 0.0859375 
3 0.58881 0.325439 0.473633 0.0366211 0.0566406 
3 0.55351 0.370605 0.462402 0.0263672 0.0419922 
3 0.543472 0.619873 0.464844 0.0415039 0.0664062 
9 0.54014 0.764404 0.480957 0.0668945 0.0830078 
3 0.537879 0.55542 0.453125 0.019043 0.0273438 
3 0.5316 0.19165 0.462891 0.0620117 0.046875 
3 0.530488 0.398438 0.458984 0.0224609 0.0332031 
9 0.49397 0.734619 0.483398 0.059082 0.0878906 
0 0.476151 0.711182 0.45166 0.019043 0.106445 
3 0.447057 0.381592 0.460938 0.0229492 0.0351562 
3 0.445835 0.411621 0.458008 0.0185547 0.03125 
3 0.440729 0.628418 0.462891 0.0429688 0.0761719 
3 0.433248 0.33374 0.473145 0.0385742 0.0498047 
3 0.413774 0.601074 0.458984 0.0322266 0.0507812 
3 0.387447 0.570068 0.459961 0.0219727 0.03125 
3 0.370241 0.583984 0.458008 0.0263672 0.0390625 
2 0.347321 0.258057 0.464844 0.0209961 0.078125 
3 0.336786 0.147949 0.453613 0.0371094 0.0537109 
9 0.3292 0.797607 0.478516 0.0766602 0.0820312 
9 0.320422 0.257568 0.480469 0.0229492 0.0859375 
3 0.313464 0.348145 0.472168 0.0205078 0.0439453 
2 0.280527 0.165771 0.459473 0.0170898 0.0673828 
3 0.27609 0.179932 0.458984 0.050293 0.0449219 
