3 0.874181 0.463623 0.493652 0.101074 0.15918 
0 0.810395 0.59668 0.482422 0.0195312 0.119141 
0 0.79754 0.570801 0.480469 0.0234375 0.103516 
0 0.728748 0.692383 0.485352 0.0283203 0.15625 
0 0.710441 0.307617 0.462402 0.0214844 0.0830078 
0 0.693091 0.58667 0.48291 0.0239258 0.118164 
0 0.636277 0.652344 0.495605 0.0332031 0.182617 
0 0.61399 0.368652 0.477051 0.0195312 0.0927734 
0 0.571914 0.272461 0.452148 0.0136719 0.0664062 
0 0.571857 0.398682 0.475586 0.0180664 0.0878906 
9 0.536821 0.549316 0.506836 0.0605469 0.0898438 
0 0.508971 0.556885 0.481934 0.0327148 0.108398 
0 0.448075 0.224121 0.443848 0.0146484 0.0615234 
0 0.438325 0.674316 0.491699 0.0371094 0.172852 
0 0.418518 0.315186 0.461426 0.0151367 0.0771484 
0 0.412901 0.146484 0.443848 0.0107422 0.0380859 
9 0.375057 0.547852 0.492676 0.0458984 0.0947266 
0 0.358983 0.349854 0.473145 0.0170898 0.0888672 
0 0.351539 0.662598 0.493164 0.0341797 0.189453 
0 0.32302 0.290527 0.45752 0.0146484 0.0693359 
9 0.317961 0.059082 0.505859 0.0263672 0.0605469 
0 0.314266 0.380127 0.476562 0.019043 0.0976562 
0 0.314204 0.554443 0.459961 0.0249023 0.0859375 
9 0.309187 0.0187988 0.519043 0.0375977 0.124023 
0 0.258347 0.577393 0.489258 0.0297852 0.121094 
