3 0.910823 0.289551 0.483398 0.149414 0.207031 
3 0.82681 0.370117 0.458984 0.078125 0.128906 
10 0.522719 0.0861816 0.452148 0.0864258 0.107422 
3 0.521476 0.576416 0.43457 0.0541992 0.0898438 
10 0.479244 0.103027 0.449707 0.107422 0.0849609 
3 0.4343 0.427002 0.410645 0.0151367 0.0244141 
3 0.427578 0.415283 0.410645 0.019043 0.0302734 
9 0.358339 0.977539 0.446777 0.0478516 0.12793 
9 0.35167 0.952148 0.441406 0.0917969 0.130859 
3 0.309559 0.537598 0.428711 0.0322266 0.0566406 
3 0.300465 0.526367 0.418945 0.0253906 0.0449219 
10 0.254572 0.636719 0.458496 0.0654297 0.0869141 
