3 0.856235 0.466797 0.429688 0.116211 0.191406 
3 0.847856 0.622803 0.457031 0.112793 0.166016 
3 0.847057 0.727783 0.410645 0.0395508 0.0517578 
3 0.803887 0.913818 0.391113 0.0922852 0.106445 
3 0.792067 0.694336 0.42041 0.0351562 0.0673828 
3 0.767803 0.678711 0.424805 0.0371094 0.0761719 
3 0.754389 0.571533 0.420898 0.0561523 0.0976562 
3 0.587527 0.542725 0.433105 0.0600586 0.102539 
3 0.541704 0.248535 0.479004 0.131836 0.155273 
3 0.533885 0.668701 0.427246 0.0366211 0.0888672 
0 0.358369 0.128418 0.423828 0.0195312 0.0742188 
3 0.35426 0.880127 0.388184 0.043457 0.0712891 
3 0.272163 0.710693 0.414551 0.0209961 0.0517578 
8 0.259333 0.118408 0.446777 0.0405273 0.0810547 
