3 0.873216 0.306885 0.481934 0.065918 0.0869141 
3 0.832496 0.403076 0.477051 0.059082 0.0810547 
3 0.798312 0.47876 0.466309 0.0249023 0.0361328 
3 0.786596 0.351318 0.478516 0.0258789 0.0546875 
3 0.589661 0.365967 0.476074 0.0239258 0.0517578 
3 0.5714 0.505615 0.46582 0.0239258 0.0292969 
3 0.550906 0.433838 0.465332 0.0229492 0.0478516 
3 0.486421 0.491211 0.463379 0.0214844 0.0302734 
3 0.394526 0.338623 0.476074 0.0356445 0.0751953 
10 0.380254 0.851807 0.462402 0.0717773 0.106445 
3 0.377548 0.442139 0.46582 0.0239258 0.0390625 
10 0.362505 0.645508 0.456055 0.0361328 0.0585938 
0 0.349644 0.800537 0.427734 0.0385742 0.15625 
10 0.330689 0.724854 0.456055 0.0405273 0.078125 
10 0.28615 0.737061 0.456055 0.0620117 0.0625 
10 0.263401 0.837402 0.458008 0.109375 0.130859 
