0 0.715535 0.254639 0.428711 0.0200195 0.0839844 
2 0.628033 0.354492 0.46582 0.0351562 0.150391 
3 0.569745 0.654785 0.462891 0.0732422 0.107422 
0 0.505229 0.585693 0.433105 0.0141602 0.0615234 
0 0.501691 0.615723 0.431641 0.015625 0.0644531 
0 0.426196 0.794678 0.428711 0.0161133 0.0644531 
0 0.356247 0.228516 0.410156 0.015625 0.0449219 
9 0.341598 0.355469 0.508789 0.0371094 0.123047 
0 0.335378 0.438965 0.443359 0.015625 0.0703125 
0 0.285566 0.604248 0.432129 0.0180664 0.0615234 
9 0.285311 0.356934 0.480957 0.0439453 0.149414 
9 0.272015 0.97876 0.416504 0.0375977 0.0732422 
0 0.271495 0.98999 0.391113 0.019043 0.100586 
0 0.268725 0.852783 0.421387 0.0239258 0.0615234 
2 0.251981 0.98999 0.391113 0.0180664 0.0986328 
0 0.251929 0.24292 0.419434 0.0161133 0.0517578 
