3 0.895146 0.76001 0.444336 0.0756836 0.111328 
3 0.814692 0.383789 0.431641 0.0371094 0.0585938 
0 0.728044 0.883545 0.418457 0.0151367 0.0751953 
3 0.699192 0.534424 0.431641 0.065918 0.0507812 
3 0.622798 0.617432 0.431641 0.027832 0.0351562 
2 0.572425 0.831299 0.418945 0.0229492 0.0859375 
3 0.570867 0.601318 0.433105 0.0249023 0.0283203 
3 0.533179 0.311523 0.447754 0.0537109 0.0849609 
9 0.458458 0.831299 0.42041 0.0229492 0.0771484 
2 0.417944 0.831787 0.399414 0.0200195 0.0898438 
3 0.391338 0.415771 0.440918 0.0288086 0.0400391 
3 0.315992 0.98999 0.419434 0.0180664 0.0869141 
3 0.297481 0.586914 0.431641 0.0224609 0.0273438 
3 0.283591 0.630615 0.430664 0.0180664 0.0253906 
3 0.280554 0.568604 0.429688 0.0258789 0.03125 
2 0.271631 0.214111 0.444336 0.0170898 0.0507812 
0 0.255215 0.191895 0.444336 0.0175781 0.0664062 
3 0.251761 0.395996 0.431641 0.0273438 0.0527344 
