9 0.853133 0.826904 0.476074 0.0727539 0.108398 
3 0.840929 0.605225 0.46875 0.0844727 0.183594 
3 0.777812 0.261963 0.487305 0.119629 0.146484 
3 0.762626 0.486572 0.443848 0.0317383 0.0517578 
0 0.744603 0.177979 0.428223 0.0297852 0.112305 
3 0.589469 0.555176 0.452637 0.0439453 0.0986328 
3 0.58597 0.412354 0.447754 0.0268555 0.0595703 
2 0.570157 0.36792 0.458008 0.0366211 0.140625 
9 0.524341 0.365234 0.487305 0.03125 0.126953 
10 0.498614 0.0993652 0.538574 0.169434 0.243164 
9 0.49007 0.207275 0.51709 0.0883789 0.165039 
3 0.476802 0.399414 0.454102 0.0332031 0.0703125 
3 0.449476 0.366943 0.458008 0.043457 0.117188 
3 0.449285 0.317871 0.453125 0.0849609 0.148438 
3 0.439119 0.306152 0.482422 0.0683594 0.138672 
3 0.435706 0.381348 0.456055 0.0341797 0.078125 
9 0.380425 0.364258 0.507324 0.0205078 0.0751953 
9 0.352425 0.0473633 0.543457 0.0957031 0.206055 
3 0.341701 0.429199 0.443848 0.0185547 0.0458984 
9 0.284696 0.226074 0.513184 0.0712891 0.131836 
3 0.264547 0.536865 0.445801 0.0258789 0.0673828 
3 0.257437 0.457275 0.432617 0.0200195 0.0332031 
