3 0.751429 0.78125 0.509277 0.196289 0.254883 
3 0.726906 0.645264 0.478516 0.122559 0.154297 
3 0.692863 0.479248 0.461426 0.0229492 0.0302734 
3 0.687223 0.0712891 0.492188 0.0634766 0.119141 
3 0.610824 0.571289 0.466309 0.0585938 0.0712891 
3 0.594219 0.705322 0.487305 0.0922852 0.175781 
9 0.498918 0.880127 0.594727 0.059082 0.244141 
9 0.495909 0.179688 0.490723 0.0537109 0.0966797 
10 0.466622 0.290283 0.476074 0.0444336 0.0615234 
0 0.454671 0.259521 0.45459 0.0336914 0.180664 
9 0.388943 0.193848 0.503418 0.0517578 0.116211 
4 0.363179 0.554443 0.462891 0.0708008 0.0703125 
3 0.355125 0.0847168 0.487793 0.050293 0.114258 
10 0.337269 0.303467 0.474121 0.0444336 0.0732422 
3 0.326742 0.537598 0.456543 0.0371094 0.0615234 
4 0.30765 0.538086 0.459473 0.0410156 0.0654297 
3 0.302023 0.524658 0.457031 0.0258789 0.0507812 
3 0.298081 0.102539 0.482422 0.0576172 0.0800781 
3 0.285618 0.111816 0.475098 0.0830078 0.102539 
9 0.281817 0.361816 0.477051 0.015625 0.0517578 
9 0.253496 0.050293 0.533203 0.0664062 0.167969 
