3 0.871333 0.449951 0.518555 0.144043 0.205078 
0 0.761869 0.707764 0.450195 0.0297852 0.171875 
3 0.729203 0.507812 0.458008 0.0527344 0.0859375 
0 0.717602 0.21167 0.48584 0.0571289 0.249023 
3 0.69178 0.318115 0.458984 0.0385742 0.0644531 
0 0.664352 0.0561523 0.532227 0.0537109 0.220703 
0 0.617332 0.0700684 0.52832 0.0522461 0.279297 
10 0.600139 0.0214844 0.514648 0.0390625 0.0976562 
0 0.56059 0.847168 0.422363 0.0166016 0.0732422 
0 0.523417 0.835938 0.417969 0.0205078 0.078125 
0 0.496601 0.23999 0.512207 0.0356445 0.208008 
3 0.433518 0.306641 0.458496 0.0332031 0.0517578 
0 0.431998 0.943604 0.416992 0.0249023 0.0742188 
0 0.421982 0.803223 0.42334 0.0175781 0.0732422 
10 0.383034 0.913818 0.428223 0.0610352 0.0673828 
0 0.338487 0.87915 0.425781 0.0288086 0.0722656 
0 0.334942 0.783691 0.459961 0.046875 0.162109 
9 0.294005 0.0209961 0.516113 0.0478516 0.0712891 
0 0.289065 0.822998 0.419434 0.019043 0.0712891 
0 0.262501 0.228516 0.510742 0.0527344 0.240234 
9 0.255383 0.758301 0.430176 0.0214844 0.0517578 
