3 0.929429 0.514648 0.44873 0.0615234 0.0986328 
3 0.922829 0.72998 0.490723 0.109375 0.15918 
3 0.855063 0.855469 0.533691 0.230469 0.260742 
3 0.851677 0.669678 0.473145 0.0600586 0.116211 
3 0.740429 0.601074 0.45166 0.0205078 0.0537109 
0 0.62315 0.933838 0.419434 0.050293 0.135742 
3 0.593415 0.587402 0.445801 0.0195312 0.0400391 
3 0.589218 0.617676 0.458984 0.0292969 0.0664062 
3 0.442446 0.931152 0.611816 0.120117 0.393555 
3 0.403365 0.62915 0.463867 0.0336914 0.0761719 
0 0.337118 0.88623 0.39502 0.0234375 0.0654297 
3 0.288437 0.640381 0.467773 0.0385742 0.0859375 
