3 0.840302 0.633057 0.433105 0.065918 0.106445 
0 0.775188 0.454346 0.453613 0.0454102 0.211914 
3 0.654601 0.26001 0.380371 0.224121 0.239258 
0 0.635958 0.570557 0.484863 0.0854492 0.305664 
9 0.580301 0.0861816 0.424316 0.0717773 0.120117 
3 0.579671 0.604004 0.413574 0.0244141 0.0537109 
9 0.535939 0.360107 0.475098 0.100098 0.182617 
9 0.456357 0.758789 0.46582 0.0751953 0.0761719 
3 0.396152 0.0488281 0.410645 0.0878906 0.118164 
0 0.340648 0.520996 0.397461 0.0205078 0.0644531 
0 0.318403 0.512451 0.397949 0.0239258 0.0751953 
3 0.289399 0.603516 0.40332 0.0224609 0.0390625 
