0 0.906618 0.522705 0.45752 0.0219727 0.102539 
0 0.849739 0.552002 0.456055 0.0229492 0.105469 
0 0.789723 0.117188 0.518555 0.0390625 0.208984 
0 0.760809 0.179199 0.514648 0.0419922 0.222656 
3 0.759039 0.383301 0.473145 0.0507812 0.0888672 
0 0.752406 0.305176 0.472168 0.0302734 0.18457 
0 0.673286 0.067627 0.533203 0.0454102 0.265625 
0 0.611112 0.429443 0.453613 0.019043 0.0888672 
2 0.599869 0.45752 0.45459 0.0244141 0.12793 
0 0.594908 0.539551 0.458008 0.0205078 0.0996094 
0 0.570245 0.0500488 0.532227 0.0415039 0.240234 
0 0.495288 0.350342 0.463379 0.019043 0.0830078 
0 0.480842 0.414795 0.453125 0.0170898 0.0800781 
0 0.469988 0.16748 0.510742 0.0449219 0.246094 
9 0.397849 0.457275 0.477051 0.0249023 0.0673828 
0 0.372368 0.489502 0.459473 0.0180664 0.0712891 
0 0.36108 0.192383 0.514648 0.046875 0.253906 
0 0.341184 0.479248 0.45459 0.0151367 0.0712891 
9 0.338995 0.742188 0.512695 0.0742188 0.169922 
9 0.301169 0.599854 0.484375 0.0698242 0.0898438 
0 0.295989 0.338135 0.458008 0.0180664 0.0898438 
0 0.291771 0.445312 0.452637 0.0205078 0.100586 
9 0.281312 0.195557 0.528809 0.0541992 0.163086 
0 0.27557 0.458252 0.456543 0.0219727 0.112305 
0 0.251114 0.0390625 0.515625 0.03125 0.203125 
9 0.250943 0.569336 0.47998 0.0332031 0.0771484 
0 0.250518 0.104492 0.516113 0.0478516 0.22168 
