3 0.912473 0.490479 0.484375 0.130371 0.207031 
0 0.802504 0.14502 0.453613 0.03125 0.139648 
0 0.766946 0.227051 0.445312 0.0244141 0.121094 
0 0.654925 0.175293 0.447754 0.0244141 0.147461 
0 0.647558 0.852295 0.384766 0.0385742 0.142578 
0 0.55908 0.276367 0.450195 0.0283203 0.130859 
3 0.541477 0.431396 0.419434 0.0239258 0.0576172 
2 0.522668 0.335205 0.446777 0.0395508 0.202148 
0 0.51784 0.198486 0.447266 0.0268555 0.138672 
0 0.509162 0.25708 0.450195 0.0239258 0.119141 
0 0.471341 0.746338 0.413574 0.0405273 0.149414 
0 0.466376 0.400879 0.416504 0.0205078 0.0517578 
0 0.4447 0.4104 0.416504 0.0288086 0.0654297 
0 0.438383 0.167969 0.452148 0.0292969 0.138672 
0 0.39491 0.852539 0.369629 0.03125 0.106445 
0 0.370955 0.244141 0.450195 0.0234375 0.113281 
3 0.370685 0.4104 0.416504 0.0288086 0.0654297 
9 0.360409 0.570068 0.47998 0.0473633 0.125977 
0 0.335882 0.306885 0.428223 0.0161133 0.0712891 
0 0.330055 0.571533 0.397949 0.0209961 0.0556641 
3 0.321012 0.442139 0.420898 0.0307617 0.0546875 
0 0.304335 0.677246 0.399902 0.0263672 0.102539 
9 0.283821 0.638428 0.475098 0.10791 0.157227 
0 0.258559 0.209229 0.446289 0.0268555 0.126953 
