3 0.925236 0.302734 0.478516 0.110352 0.173828 
3 0.909392 0.104492 0.546875 0.220703 0.388672 
3 0.825616 0.717285 0.518066 0.121094 0.176758 
3 0.806187 0.388672 0.463379 0.0693359 0.106445 
3 0.757485 0.429932 0.45752 0.065918 0.0966797 
3 0.700196 0.627441 0.482422 0.0585938 0.0820312 
3 0.642911 0.238525 0.512695 0.169434 0.279297 
3 0.618712 0.568115 0.457031 0.0219727 0.0351562 
3 0.614885 0.505127 0.45166 0.0258789 0.0283203 
3 0.566694 0.475586 0.449707 0.0283203 0.0361328 
3 0.561211 0.525146 0.453125 0.0200195 0.0273438 
3 0.557534 0.538574 0.455078 0.0224609 0.0253906 
3 0.509224 0.553955 0.456543 0.0239258 0.0283203 
3 0.422051 0.494141 0.449707 0.0273438 0.0302734 
3 0.409717 0.443604 0.456543 0.0571289 0.0888672 
0 0.27435 0.675781 0.447266 0.0185547 0.0703125 
3 0.272025 0.476074 0.449707 0.0449219 0.0458984 
