3 0.932828 0.112061 0.541504 0.197754 0.229492 
3 0.790725 0.600342 0.463379 0.059082 0.0908203 
3 0.718417 0.238525 0.504395 0.125488 0.163086 
3 0.702212 0.380615 0.470215 0.065918 0.0927734 
3 0.63388 0.460693 0.461914 0.0268555 0.0488281 
3 0.545717 0.44751 0.461914 0.0297852 0.0546875 
3 0.44066 0.419922 0.458984 0.046875 0.0742188 
3 0.362485 0.620117 0.425293 0.0234375 0.0478516 
3 0.360797 0.475586 0.460449 0.0205078 0.0400391 
6 0.359049 0.514648 0.418457 0.0595703 0.12793 
0 0.33931 0.29126 0.443848 0.0180664 0.0947266 
3 0.295847 0.352051 0.448242 0.0253906 0.0546875 
3 0.292061 0.819824 0.432617 0.0458984 0.0644531 
