3 0.869115 0.865234 0.554199 0.280273 0.637695 
3 0.86653 0.64917 0.48291 0.112793 0.196289 
3 0.827897 0.44458 0.453125 0.0327148 0.078125 
3 0.827389 0.352295 0.492188 0.132324 0.212891 
3 0.792249 0.414062 0.464844 0.0498047 0.109375 
3 0.786329 0.577637 0.454102 0.0595703 0.0917969 
3 0.616578 0.128906 0.686523 0.261719 0.634766 
3 0.606107 0.553955 0.445312 0.0317383 0.0800781 
3 0.598031 0.719727 0.504883 0.134766 0.291016 
3 0.503468 0.429199 0.460449 0.0419922 0.0908203 
3 0.43025 0.537598 0.431641 0.0224609 0.046875 
4 0.361309 0.523926 0.425781 0.0214844 0.0371094 
3 0.294705 0.45874 0.449219 0.0239258 0.0664062 
3 0.287877 0.543457 0.440918 0.0175781 0.0498047 
9 0.282265 0.18042 0.486816 0.0844727 0.165039 
3 0.280599 0.401611 0.476562 0.0463867 0.126953 
