3 0.882508 0.556396 0.470215 0.0893555 0.151367 
0 0.807624 0.631592 0.425293 0.0209961 0.104492 
0 0.679951 0.352783 0.46582 0.043457 0.259766 
0 0.66507 0.616943 0.430664 0.0180664 0.0917969 
0 0.527382 0.457275 0.429199 0.0151367 0.0556641 
0 0.51885 0.602539 0.427734 0.0214844 0.0878906 
0 0.517929 0.294922 0.456055 0.0322266 0.154297 
9 0.490093 0.912598 0.571289 0.121094 0.416016 
9 0.478943 0.506104 0.444336 0.0180664 0.046875 
9 0.478141 0.493896 0.440918 0.0297852 0.0517578 
0 0.463498 0.328613 0.465332 0.0380859 0.204102 
0 0.462174 0.429199 0.467773 0.0332031 0.205078 
9 0.447567 0.786377 0.522461 0.150879 0.320312 
2 0.434046 0.355469 0.480469 0.0429688 0.203125 
9 0.400765 0.679688 0.48584 0.0400391 0.110352 
9 0.388397 0.737793 0.530762 0.0908203 0.213867 
0 0.369158 0.644775 0.426758 0.0209961 0.0917969 
9 0.367004 0.849121 0.541016 0.143555 0.380859 
9 0.341505 0.425293 0.483398 0.0371094 0.166016 
0 0.334062 0.397949 0.446777 0.0253906 0.133789 
0 0.332375 0.741455 0.39502 0.0307617 0.102539 
0 0.288019 0.491455 0.433105 0.0151367 0.0556641 
0 0.280251 0.285645 0.45459 0.0410156 0.176758 
2 0.269291 0.426514 0.451172 0.0317383 0.238281 
