0 0.904891 0.253662 0.442871 0.0219727 0.112305 
3 0.877692 0.308594 0.493652 0.12207 0.15332 
3 0.839233 0.540283 0.460938 0.0717773 0.125 
3 0.839166 0.864014 0.525879 0.270996 0.374023 
0 0.818745 0.168945 0.453613 0.0410156 0.168945 
3 0.795449 0.400146 0.457031 0.0727539 0.111328 
3 0.766644 0.947021 0.699219 0.0991211 0.464844 
9 0.603283 0.012207 0.512207 0.0244141 0.12207 
3 0.582759 0.517334 0.411621 0.0639648 0.133789 
9 0.440322 0.0178223 0.507324 0.0366211 0.137695 
9 0.436864 0.698486 0.486328 0.043457 0.121094 
0 0.423857 0.66748 0.42041 0.0205078 0.0751953 
9 0.41467 0.128174 0.483887 0.0581055 0.129883 
9 0.369166 0.709229 0.486328 0.0649414 0.144531 
0 0.348915 0.645996 0.416016 0.0175781 0.0644531 
3 0.281327 0.506836 0.445801 0.0351562 0.0830078 
3 0.271645 0.521729 0.388184 0.0483398 0.0791016 
