3 0.924284 0.520752 0.453613 0.059082 0.0908203 
3 0.879759 0.171631 0.47998 0.0795898 0.114258 
3 0.857835 0.231934 0.473145 0.0664062 0.0927734 
3 0.785087 0.317871 0.461914 0.0380859 0.0625 
3 0.701728 0.409668 0.445801 0.0253906 0.0361328 
3 0.567386 0.027832 0.482422 0.0566406 0.335938 
0 0.532503 0.854004 0.459961 0.0273438 0.115234 
0 0.459357 0.862305 0.456543 0.0224609 0.100586 
3 0.437562 0.403564 0.444336 0.0209961 0.0351562 
3 0.375369 0.462891 0.44043 0.0175781 0.0273438 
3 0.37065 0.0910645 0.493164 0.0991211 0.144531 
3 0.370576 0.277344 0.466309 0.0556641 0.0751953 
3 0.370385 0.307373 0.463867 0.0395508 0.0644531 
3 0.356615 0.430908 0.442871 0.0180664 0.0322266 
3 0.327902 0.28833 0.459473 0.0522461 0.0732422 
3 0.315767 0.443604 0.441406 0.019043 0.0332031 
0 0.283765 0.837646 0.457031 0.0239258 0.134766 
