3 0.883306 0.0793457 0.484375 0.149902 0.300781 
3 0.870834 0.470703 0.422363 0.0800781 0.118164 
2 0.86155 0.650146 0.407227 0.050293 0.232422 
9 0.805663 0.709717 0.390625 0.0336914 0.0605469 
2 0.769877 0.711426 0.36377 0.0205078 0.0810547 
3 0.744138 0.323975 0.403809 0.065918 0.104492 
2 0.681981 0.239258 0.407715 0.0351562 0.147461 
2 0.654711 0.766357 0.425293 0.065918 0.280273 
9 0.648945 0.290527 0.450684 0.0400391 0.118164 
2 0.647827 0.947021 0.462402 0.121582 0.463867 
2 0.64313 0.289062 0.393555 0.0400391 0.175781 
9 0.621543 0.763916 0.522949 0.0629883 0.200195 
3 0.586926 0.193115 0.407227 0.0551758 0.0878906 
9 0.55296 0.949219 0.598633 0.103516 0.316406 
0 0.545466 0.415283 0.387695 0.0161133 0.0585938 
9 0.486596 0.241699 0.45459 0.0244141 0.106445 
3 0.481637 0.366211 0.388184 0.0273438 0.0419922 
9 0.453686 0.6521 0.481445 0.0375977 0.166016 
0 0.447221 0.426758 0.39209 0.0136719 0.0517578 
9 0.426893 0.850098 0.456055 0.0703125 0.179688 
3 0.398427 0.257568 0.396973 0.0454102 0.0693359 
3 0.28378 0.258301 0.413574 0.0498047 0.0771484 
9 0.282781 0.290527 0.422363 0.0458984 0.141602 
