3 0.796459 0.175293 0.506348 0.186523 0.249023 
0 0.737403 0.471924 0.455078 0.019043 0.0957031 
9 0.65937 0.589355 0.523926 0.0595703 0.166992 
0 0.630698 0.466797 0.453613 0.0185547 0.104492 
0 0.59355 0.439697 0.45166 0.0229492 0.116211 
2 0.55311 0.590332 0.473633 0.0498047 0.216797 
2 0.466216 0.644043 0.426758 0.0302734 0.103516 
2 0.458294 0.9021 0.455566 0.0268555 0.0751953 
0 0.427509 0.502441 0.462891 0.015625 0.0664062 
9 0.418494 0.981934 0.632324 0.0341797 0.239258 
0 0.409327 0.495361 0.459961 0.0161133 0.0800781 
0 0.350724 0.0837402 0.432617 0.0249023 0.105469 
3 0.288779 0.0102539 0.452637 0.0214844 0.0869141 
9 0.286465 0.979736 0.606934 0.0522461 0.180664 
2 0.277226 0.645752 0.452637 0.0405273 0.12207 
