3 0.932653 0.217285 0.568359 0.265625 0.337891 
2 0.858774 0.830811 0.416504 0.0551758 0.260742 
3 0.814654 0.356934 0.489258 0.0908203 0.179688 
3 0.647452 0.415527 0.425781 0.0283203 0.0488281 
3 0.617571 0.39502 0.464844 0.0439453 0.123047 
9 0.598028 0.838379 0.479492 0.0390625 0.152344 
9 0.550967 0.833252 0.458008 0.0541992 0.150391 
3 0.431746 0.480957 0.413086 0.0292969 0.0371094 
3 0.411802 0.488525 0.413574 0.0327148 0.0380859 
3 0.298461 0.535645 0.418945 0.0400391 0.0664062 
3 0.258202 0.384766 0.422363 0.0292969 0.0458984 
