3 0.943649 0.388428 0.455078 0.0620117 0.0800781 
3 0.905645 0.0419922 0.527344 0.0878906 0.171875 
3 0.860693 0.46582 0.44043 0.0351562 0.0449219 
3 0.679509 0.989258 0.390137 0.0166016 0.0576172 
3 0.64866 0.18335 0.494629 0.184082 0.196289 
3 0.546944 0.527344 0.413574 0.03125 0.0478516 
3 0.503314 0.898193 0.395508 0.059082 0.0566406 
3 0.439342 0.601807 0.420898 0.0229492 0.0371094 
3 0.430887 0.429199 0.448242 0.0224609 0.0390625 
3 0.39982 0.413818 0.449219 0.0258789 0.0585938 
3 0.342435 0.565674 0.415039 0.0200195 0.0273438 
3 0.315909 0.588867 0.416504 0.0185547 0.0244141 
