3 0.841413 0.596924 0.479492 0.11084 0.142578 
0 0.739226 0.425293 0.452148 0.0136719 0.0722656 
0 0.680445 0.384766 0.449219 0.0185547 0.0761719 
0 0.636225 0.460938 0.453125 0.0195312 0.0722656 
6 0.597754 0.700195 0.40918 0.171875 0.234375 
0 0.593148 0.416748 0.452637 0.0180664 0.0673828 
0 0.411968 0.0895996 0.418457 0.0180664 0.0927734 
0 0.407052 0.471924 0.45166 0.0151367 0.0654297 
0 0.369421 0.425293 0.450684 0.0195312 0.0888672 
0 0.369148 0.815186 0.444336 0.019043 0.09375 
2 0.312583 0.520508 0.450195 0.0234375 0.0488281 
2 0.279978 0.524902 0.421875 0.03125 0.0878906 
0 0.272629 0.348145 0.442383 0.015625 0.0683594 
