3 0.899975 0.111084 0.47168 0.105957 0.130859 
3 0.8838 0.866699 0.52832 0.264648 0.359375 
3 0.880138 0.55542 0.447266 0.0258789 0.0585938 
3 0.852039 0.0339355 0.491211 0.090332 0.128906 
3 0.783379 0.667725 0.47998 0.132324 0.143555 
3 0.701372 0.291992 0.452637 0.03125 0.0517578 
3 0.673807 0.386963 0.454102 0.0395508 0.0566406 
3 0.663606 0.501709 0.462891 0.065918 0.103516 
3 0.646625 0.571045 0.45166 0.0366211 0.0595703 
3 0.61242 0.207764 0.462891 0.0737305 0.0898438 
3 0.602996 0.244141 0.456055 0.0410156 0.0625 
3 0.543633 0.255615 0.456543 0.0327148 0.0673828 
3 0.530353 0.615234 0.463867 0.0517578 0.101562 
3 0.474269 0.344971 0.458984 0.0600586 0.0859375 
3 0.43848 0.302002 0.45459 0.0268555 0.0439453 
9 0.402812 0.212158 0.480957 0.034668 0.0791016 
3 0.389661 0.397217 0.452148 0.0268555 0.0488281 
3 0.388342 0.725098 0.416992 0.0380859 0.0527344 
9 0.385434 0.224365 0.481445 0.0288086 0.0566406 
3 0.37733 0.474854 0.446289 0.0209961 0.0449219 
3 0.336283 0.640869 0.467773 0.0737305 0.126953 
3 0.313025 0.22583 0.456543 0.0424805 0.0634766 
3 0.282564 0.176514 0.462891 0.0581055 0.0800781 
