3 0.919439 0.156738 0.568359 0.305664 0.365234 
3 0.907874 0.52124 0.477051 0.0805664 0.133789 
3 0.779293 0.310547 0.475586 0.0664062 0.113281 
5 0.707713 0.673584 0.408691 0.194824 0.358398 
0 0.674326 0.808105 0.432617 0.0224609 0.105469 
3 0.663976 0.473877 0.444336 0.0268555 0.0488281 
3 0.608151 0.432861 0.431152 0.0717773 0.118164 
3 0.557812 0.373535 0.483398 0.09375 0.138672 
3 0.445037 0.585938 0.458984 0.046875 0.101562 
0 0.325084 0.77832 0.432129 0.0205078 0.104492 
3 0.309485 0.556641 0.427246 0.0283203 0.0458984 
3 0.270647 0.475586 0.43457 0.0244141 0.0390625 
0 0.266849 0.784424 0.431152 0.0200195 0.112305 
3 0.263662 0.570068 0.447266 0.0327148 0.0664062 
