2 0.838574 0.225342 0.467773 0.0883789 0.285156 
2 0.834061 0.929688 0.419922 0.0439453 0.169922 
3 0.826404 0.511719 0.446289 0.0478516 0.0683594 
9 0.766463 0.228027 0.533691 0.149414 0.198242 
3 0.757878 0.351318 0.439941 0.0268555 0.0458984 
2 0.752759 0.927246 0.395508 0.0380859 0.107422 
3 0.701483 0.0429688 0.487305 0.0927734 0.193359 
3 0.643408 0.386475 0.442871 0.043457 0.0576172 
0 0.608308 0.112061 0.44873 0.0180664 0.0654297 
3 0.590083 0.272461 0.458496 0.123047 0.129883 
9 0.474581 0.932373 0.452637 0.0571289 0.106445 
0 0.432103 0.105957 0.452148 0.0185547 0.0585938 
3 0.336281 0.336914 0.442383 0.0244141 0.0566406 
3 0.316446 0.897949 0.443359 0.0585938 0.0625 
9 0.313103 0.933105 0.473633 0.0371094 0.113281 
0 0.312402 0.680908 0.410645 0.0131836 0.0556641 
0 0.277263 0.64917 0.41748 0.0141602 0.0576172 
