3 0.940413 0.897949 0.585938 0.200195 0.4375 
3 0.931684 0.325684 0.491699 0.0957031 0.145508 
3 0.768458 0.646973 0.479004 0.0546875 0.112305 
3 0.76236 0.664795 0.487793 0.0620117 0.135742 
3 0.761039 0.743408 0.495605 0.150879 0.196289 
3 0.694941 0.370117 0.485352 0.046875 0.107422 
3 0.672286 0.429443 0.453125 0.0336914 0.0761719 
9 0.606356 0.104736 0.598145 0.059082 0.129883 
3 0.571307 0.413818 0.45752 0.0473633 0.0986328 
0 0.571106 0.178223 0.442871 0.0263672 0.12207 
3 0.529337 0.614014 0.461426 0.0385742 0.0966797 
3 0.487162 0.174316 0.578125 0.15625 0.166016 
3 0.476453 0.38208 0.480957 0.0415039 0.100586 
3 0.375481 0.632812 0.478027 0.0390625 0.0947266 
8 0.357022 0.104736 0.598145 0.059082 0.129883 
3 0.321162 0.4646 0.435547 0.0629883 0.0625 
3 0.307662 0.603271 0.460449 0.0356445 0.0751953 
3 0.290725 0.396729 0.474121 0.0297852 0.0830078 
