0 0.875465 0.399414 0.453125 0.0195312 0.0859375 
0 0.789435 0.462891 0.453613 0.0175781 0.0927734 
0 0.789122 0.430664 0.454102 0.0205078 0.0859375 
0 0.768832 0.337646 0.455078 0.0219727 0.0976562 
0 0.74361 0.258301 0.450195 0.0136719 0.0566406 
0 0.731907 0.414307 0.45459 0.0170898 0.0771484 
0 0.690191 0.44043 0.453613 0.0175781 0.0908203 
9 0.690185 0.132568 0.45752 0.0356445 0.0595703 
0 0.638564 0.272705 0.449219 0.0131836 0.0546875 
9 0.635562 0.850342 0.456543 0.0698242 0.0810547 
9 0.629358 0.149902 0.457031 0.0224609 0.0566406 
0 0.543539 0.368408 0.44873 0.0180664 0.0537109 
0 0.477032 0.913574 0.429688 0.0234375 0.115234 
0 0.460184 0.243408 0.447754 0.0131836 0.0517578 
0 0.450571 0.382812 0.445312 0.015625 0.0605469 
9 0.404831 0.118896 0.460938 0.0385742 0.0644531 
9 0.400133 0.162109 0.453125 0.0302734 0.046875 
9 0.381779 0.600586 0.475098 0.0585938 0.102539 
9 0.361135 0.0483398 0.476562 0.0654297 0.0859375 
0 0.320253 0.227539 0.445312 0.0136719 0.046875 
10 0.295266 0.638916 0.473145 0.0795898 0.0966797 
8 0.268692 0.943359 0.44873 0.0380859 0.0654297 
8 0.25809 0.850342 0.456543 0.0698242 0.0810547 
0 0.25366 0.934814 0.428223 0.0229492 0.114258 
