0 0.731633 0.599365 0.448242 0.0317383 0.144531 
0 0.703323 0.0217285 0.538574 0.0444336 0.291992 
0 0.666125 0.146973 0.481934 0.0273438 0.147461 
9 0.654359 0.298096 0.481934 0.0170898 0.0693359 
9 0.625749 0.700928 0.453613 0.0737305 0.0849609 
0 0.622372 0.105713 0.492188 0.0375977 0.199219 
0 0.618614 0.0466309 0.530273 0.0463867 0.255859 
0 0.588843 0.459473 0.431152 0.0175781 0.0966797 
0 0.559055 0.134766 0.486328 0.0273438 0.148438 
0 0.537817 0.17627 0.477051 0.0332031 0.182617 
0 0.534236 0.695801 0.421875 0.0253906 0.121094 
0 0.528751 0.86792 0.41748 0.0288086 0.129883 
0 0.514945 0.140381 0.489258 0.0317383 0.173828 
0 0.486551 0.628906 0.430176 0.0263672 0.124023 
0 0.478923 0.651855 0.428223 0.0283203 0.137695 
0 0.464184 0.608887 0.453125 0.0410156 0.123047 
2 0.439172 0.295898 0.450195 0.0234375 0.107422 
0 0.418386 0.0712891 0.51123 0.0429688 0.229492 
9 0.408003 0.709717 0.447266 0.0541992 0.0625 
0 0.394428 0.619385 0.45166 0.0317383 0.12793 
9 0.389024 0.789062 0.431641 0.0546875 0.0742188 
0 0.364626 0.855469 0.42041 0.0253906 0.118164 
0 0.357525 0.6604 0.42334 0.027832 0.147461 
0 0.337326 0.114746 0.489746 0.03125 0.192383 
0 0.306063 0.0356445 0.539551 0.0488281 0.227539 
10 0.276282 0.702148 0.459961 0.0878906 0.0957031 
0 0.264797 0.639893 0.431641 0.0288086 0.134766 
0 0.250848 0.743652 0.42627 0.0380859 0.188477 
