3 0.885745 0.569336 0.459473 0.0888672 0.120117 
9 0.809595 0.48999 0.513672 0.0756836 0.136719 
0 0.578178 0.753174 0.433594 0.0161133 0.0722656 
9 0.500029 0.237061 0.462402 0.0620117 0.0908203 
2 0.472483 0.753662 0.432129 0.0170898 0.0810547 
10 0.424917 0.327148 0.463867 0.111328 0.125 
9 0.398325 0.634766 0.45459 0.0283203 0.0556641 
9 0.384603 0.932861 0.444824 0.0297852 0.0498047 
9 0.357544 0.75415 0.441406 0.0170898 0.0566406 
3 0.345945 0.385498 0.418457 0.10498 0.0947266 
10 0.338066 0.303955 0.456543 0.109863 0.100586 
2 0.290759 0.489502 0.476074 0.0756836 0.174805 
9 0.271475 0.942139 0.442871 0.027832 0.0517578 
