3 0.897552 0.854736 0.522949 0.279785 0.338867 
3 0.860563 0.712402 0.47998 0.131836 0.21582 
3 0.836222 0.53418 0.465332 0.0761719 0.120117 
9 0.810117 0.0444336 0.524414 0.0810547 0.126953 
8 0.620753 0.197754 0.477539 0.0439453 0.0917969 
9 0.540465 0.130371 0.492676 0.0634766 0.118164 
9 0.519287 0.118652 0.490234 0.0429688 0.134766 
0 0.400569 0.372314 0.443848 0.0151367 0.0712891 
3 0.361936 0.443115 0.443848 0.0336914 0.0498047 
9 0.337759 0.148438 0.487305 0.0732422 0.113281 
8 0.337263 0.205811 0.481445 0.0385742 0.125 
3 0.336951 0.433838 0.448242 0.0268555 0.0390625 
3 0.329061 0.304199 0.462402 0.0439453 0.0576172 
3 0.325259 0.614746 0.429688 0.0478516 0.0761719 
2 0.252181 0.37793 0.444336 0.0146484 0.0703125 
