0 0.825698 0.78418 0.416992 0.0224609 0.0996094 
3 0.792682 0.69458 0.422852 0.0258789 0.0507812 
2 0.632422 0.589844 0.42334 0.0253906 0.0927734 
0 0.609344 0.758057 0.419922 0.0219727 0.0898438 
3 0.51854 0.65918 0.433105 0.0605469 0.0810547 
3 0.488895 0.711426 0.420898 0.0185547 0.0488281 
10 0.478631 0.392334 0.466797 0.0991211 0.0976562 
0 0.468754 0.834473 0.448242 0.0332031 0.177734 
10 0.450858 0.326904 0.477051 0.140137 0.110352 
9 0.398923 0.0742188 0.532715 0.125977 0.168945 
2 0.388488 0.569092 0.421387 0.0239258 0.110352 
9 0.387282 0.5896 0.444824 0.0239258 0.0615234 
9 0.361423 0.596924 0.444824 0.019043 0.0556641 
0 0.36127 0.774658 0.418945 0.0170898 0.0859375 
2 0.346496 0.596924 0.425781 0.0209961 0.0761719 
10 0.305848 0.341064 0.467773 0.206543 0.138672 
10 0.302369 0.361572 0.466309 0.131348 0.110352 
0 0.285258 0.0529785 0.42041 0.0336914 0.129883 
10 0.253363 0.284424 0.48291 0.199707 0.149414 
10 0.252398 0.237549 0.485352 0.178223 0.126953 
