3 0.904685 0.456543 0.481445 0.137695 0.1875 
3 0.880411 0.740723 0.489258 0.113281 0.208984 
3 0.83011 0.512695 0.459473 0.0488281 0.114258 
3 0.808668 0.0703125 0.443359 0.135742 0.251953 
3 0.778231 0.679688 0.467285 0.0537109 0.108398 
3 0.758823 0.525391 0.451172 0.0332031 0.09375 
3 0.673368 0.648193 0.45166 0.034668 0.0771484 
3 0.641113 0.633057 0.442871 0.034668 0.0615234 
0 0.613247 0.580322 0.449219 0.0366211 0.177734 
3 0.603031 0.877686 0.543945 0.233887 0.332031 
3 0.583309 0.62085 0.442871 0.0200195 0.0458984 
3 0.457489 0.553223 0.429199 0.0205078 0.0419922 
3 0.448788 0.534668 0.442871 0.0205078 0.0595703 
4 0.363497 0.553223 0.429199 0.0205078 0.0419922 
3 0.353792 0.692139 0.469238 0.0512695 0.12207 
3 0.351377 0.660889 0.458496 0.0385742 0.0927734 
3 0.326245 0.539307 0.431641 0.0229492 0.0546875 
3 0.27334 0.509521 0.476562 0.0366211 0.117188 
