3 0.885438 0.396484 0.479004 0.0986328 0.157227 
3 0.750807 0.555908 0.429199 0.0415039 0.0751953 
3 0.648562 0.473145 0.447754 0.0292969 0.0595703 
3 0.575259 0.640869 0.408691 0.0942383 0.233398 
3 0.545153 0.870361 0.604004 0.256348 0.532227 
3 0.511742 0.465088 0.456543 0.0258789 0.0771484 
3 0.498598 0.442383 0.460449 0.0478516 0.116211 
3 0.47978 0.685059 0.479004 0.136719 0.19043 
3 0.47519 0.146729 0.617188 0.303223 0.548828 
3 0.467989 0.596436 0.460938 0.0424805 0.0996094 
2 0.414113 0.316895 0.42627 0.0283203 0.124023 
3 0.397928 0.632812 0.451172 0.0703125 0.158203 
3 0.362042 0.423096 0.465332 0.0756836 0.133789 
9 0.323365 0.337891 0.458496 0.0253906 0.0693359 
3 0.300715 0.559082 0.441406 0.0283203 0.046875 
3 0.293894 0.56665 0.447266 0.0288086 0.0527344 
3 0.255958 0.588379 0.459473 0.0283203 0.0751953 
