3 0.906558 0.173828 0.456543 0.136719 0.172852 
3 0.879754 0.330811 0.458984 0.0483398 0.0664062 
3 0.811201 0.38501 0.456543 0.0375977 0.0498047 
3 0.796456 0.581055 0.444824 0.0244141 0.0517578 
3 0.704605 0.412354 0.450684 0.0239258 0.0380859 
3 0.670696 0.698242 0.439453 0.0380859 0.0488281 
3 0.591871 0.478271 0.441406 0.0268555 0.0410156 
3 0.552687 0.548584 0.431152 0.0551758 0.12207 
3 0.398423 0.397949 0.453613 0.0302734 0.0419922 
6 0.382428 0.854492 0.394043 0.249023 0.467773 
3 0.27108 0.491943 0.436035 0.0249023 0.0283203 
