0 0.940661 0.676025 0.456543 0.0239258 0.135742 
0 0.93262 0.705811 0.452637 0.0268555 0.137695 
0 0.92703 0.633301 0.450684 0.0214844 0.0986328 
0 0.865216 0.835693 0.473633 0.0649414 0.289062 
2 0.821976 0.356445 0.472168 0.0947266 0.37207 
0 0.811214 0.795166 0.472168 0.043457 0.241211 
0 0.790786 0.647705 0.450684 0.019043 0.102539 
0 0.762836 0.700439 0.452637 0.0219727 0.116211 
0 0.736753 0.489014 0.458008 0.0200195 0.0878906 
0 0.725275 0.666016 0.453613 0.0244141 0.131836 
0 0.674497 0.752686 0.469727 0.0463867 0.271484 
0 0.654121 0.16748 0.422852 0.0205078 0.0800781 
0 0.641392 0.616943 0.450684 0.019043 0.0927734 
0 0.629863 0.600342 0.449219 0.019043 0.078125 
9 0.578617 0.350342 0.601562 0.0874023 0.314453 
0 0.573341 0.423584 0.446777 0.0209961 0.0888672 
0 0.531383 0.455078 0.446777 0.0205078 0.0927734 
0 0.503403 0.481201 0.454102 0.0170898 0.105469 
2 0.500614 0.56543 0.450195 0.0273438 0.150391 
9 0.431161 0.56543 0.483398 0.0214844 0.0996094 
9 0.398106 0.192871 0.477051 0.0439453 0.0869141 
0 0.394507 0.0229492 0.429199 0.0263672 0.163086 
0 0.391459 0.537109 0.450684 0.0166016 0.0751953 
2 0.360201 0.116699 0.432129 0.0273438 0.0849609 
10 0.349243 0.273438 0.456543 0.0605469 0.0615234 
0 0.335481 0.590332 0.445312 0.0185547 0.078125 
9 0.323914 0.180176 0.475098 0.0527344 0.0888672 
2 0.304632 0.136475 0.427246 0.027832 0.0869141 
0 0.299279 0.508545 0.457031 0.0180664 0.0839844 
