3 0.866163 0.050293 0.483887 0.100586 0.145508 
3 0.822187 0.477539 0.430664 0.0253906 0.0390625 
9 0.584434 0.756348 0.447266 0.0224609 0.0703125 
10 0.58036 0.72876 0.429688 0.0463867 0.0546875 
0 0.504871 0.664551 0.42041 0.0253906 0.0576172 
10 0.49303 0.713867 0.427734 0.0654297 0.0605469 
2 0.426814 0.76001 0.422363 0.0317383 0.12207 
10 0.392458 0.697754 0.428223 0.0634766 0.0576172 
9 0.388493 0.792236 0.430664 0.034668 0.0605469 
9 0.356863 0.800049 0.431152 0.0200195 0.0576172 
10 0.312228 0.711914 0.428223 0.0400391 0.0556641 
2 0.293085 0.758789 0.422852 0.0214844 0.107422 
10 0.291139 0.696533 0.429199 0.0356445 0.0458984 
3 0.258766 0.0839844 0.422363 0.109375 0.145508 
