3 0.866686 0.541992 0.421875 0.0380859 0.0605469 
3 0.841791 0.777344 0.467285 0.207031 0.21582 
3 0.796924 0.241455 0.476562 0.106934 0.117188 
3 0.751883 0.60498 0.416016 0.0439453 0.078125 
3 0.745405 0.083252 0.511719 0.161621 0.197266 
3 0.728348 0.362549 0.443848 0.0688477 0.0732422 
3 0.720436 0.297607 0.458984 0.0883789 0.101562 
3 0.698701 0.675049 0.450684 0.0649414 0.137695 
3 0.644079 0.169678 0.483398 0.129395 0.15625 
3 0.612782 0.381836 0.431641 0.0644531 0.0644531 
3 0.602456 0.614502 0.422363 0.0483398 0.0830078 
3 0.586116 0.263428 0.470703 0.104004 0.115234 
3 0.534542 0.321045 0.452637 0.0756836 0.0791016 
3 0.529304 0.639404 0.430176 0.0629883 0.0908203 
3 0.480918 0.449463 0.44043 0.0532227 0.0742188 
3 0.457593 0.478027 0.41748 0.0195312 0.0361328 
3 0.437301 0.664062 0.450684 0.0537109 0.112305 
3 0.429585 0.491455 0.410156 0.0239258 0.0332031 
3 0.388782 0.507324 0.411621 0.0234375 0.0322266 
3 0.366696 0.33667 0.450684 0.0629883 0.0908203 
2 0.338201 0.567139 0.420898 0.0200195 0.0625 
3 0.28586 0.634521 0.443359 0.0405273 0.0859375 
3 0.282739 0.648193 0.445312 0.0444336 0.0898438 
