3 0.87359 0.536621 0.47168 0.130859 0.234375 
3 0.867537 0.349854 0.441406 0.0463867 0.0703125 
3 0.848757 0.112305 0.479004 0.0576172 0.0595703 
3 0.838442 0.0356445 0.489258 0.0712891 0.0800781 
9 0.729434 0.854004 0.466797 0.0908203 0.136719 
3 0.686191 0.426025 0.431152 0.027832 0.0439453 
3 0.680699 0.380127 0.443359 0.0229492 0.0449219 
3 0.651075 0.286865 0.452148 0.0375977 0.0605469 
3 0.600097 0.274414 0.455566 0.0332031 0.0556641 
3 0.420669 0.302734 0.45166 0.0214844 0.0439453 
9 0.324271 0.834961 0.461426 0.0810547 0.149414 
3 0.299382 0.134033 0.477539 0.027832 0.0546875 
9 0.25404 0.0852051 0.479492 0.0170898 0.0566406 
3 0.251829 0.368164 0.441406 0.0292969 0.0527344 
