3 0.814124 0.366943 0.475586 0.027832 0.0625 
3 0.791351 0.337402 0.479492 0.0537109 0.0742188 
3 0.778324 0.567871 0.463379 0.0605469 0.0849609 
10 0.682784 0.147461 0.475586 0.046875 0.0585938 
3 0.655834 0.489014 0.466309 0.0258789 0.0322266 
9 0.598008 0.198975 0.513184 0.0249023 0.0927734 
10 0.585302 0.13501 0.475586 0.0463867 0.0722656 
2 0.535089 0.196289 0.482422 0.0332031 0.15625 
3 0.428519 0.380127 0.47168 0.0258789 0.0527344 
9 0.419653 0.258301 0.489258 0.0419922 0.0742188 
3 0.382419 0.35083 0.475586 0.0444336 0.0683594 
3 0.373841 0.413086 0.459473 0.0175781 0.0361328 
9 0.363844 0.0847168 0.485352 0.0336914 0.0644531 
3 0.359706 0.384033 0.464844 0.0356445 0.0644531 
10 0.255352 0.162109 0.475586 0.0478516 0.0644531 
