3 0.936053 0.598633 0.456055 0.0664062 0.103516 
3 0.846642 0.445068 0.459473 0.0571289 0.0751953 
3 0.835054 0.726807 0.456543 0.0893555 0.15918 
3 0.739487 0.47583 0.448242 0.0239258 0.046875 
2 0.730672 0.197021 0.484375 0.0366211 0.136719 
3 0.687566 0.556641 0.442871 0.0332031 0.0400391 
3 0.604505 0.649902 0.430664 0.0214844 0.0371094 
9 0.588157 0.197266 0.513672 0.0341797 0.0820312 
3 0.575033 0.630371 0.42627 0.0166016 0.0439453 
3 0.540686 0.538574 0.442871 0.0322266 0.0400391 
2 0.528009 0.196777 0.461914 0.0302734 0.113281 
2 0.447371 0.30127 0.457031 0.0175781 0.09375 
2 0.445361 0.324707 0.455566 0.0244141 0.0927734 
3 0.426734 0.459473 0.453125 0.0400391 0.0625 
3 0.4167 0.66333 0.444336 0.019043 0.0585938 
9 0.340537 0.323242 0.48291 0.0292969 0.0673828 
9 0.335398 0.304199 0.480957 0.0224609 0.0595703 
3 0.291046 0.681396 0.443359 0.0405273 0.0996094 
0 0.283045 0.378174 0.445801 0.0170898 0.0439453 
3 0.262232 0.565186 0.442871 0.0249023 0.0458984 
3 0.251438 0.695801 0.431641 0.0615234 0.107422 
