3 0.921427 0.634521 0.454102 0.0766602 0.107422 
3 0.898619 0.709229 0.46582 0.0913086 0.140625 
3 0.880764 0.544922 0.473633 0.09375 0.130859 
3 0.865427 0.0571289 0.525879 0.107422 0.206055 
3 0.861048 0.306396 0.46582 0.0512695 0.107422 
3 0.830519 0.786133 0.470215 0.155273 0.176758 
3 0.79704 0.181152 0.546875 0.236328 0.326172 
3 0.715383 0.419189 0.434082 0.0571289 0.0712891 
3 0.660437 0.473877 0.44873 0.0610352 0.0673828 
3 0.327248 0.58667 0.42627 0.027832 0.0400391 
3 0.273402 0.463379 0.448242 0.0351562 0.0527344 
