0 0.873744 0.111084 0.479492 0.0375977 0.15625 
3 0.827041 0.346924 0.48877 0.122559 0.161133 
9 0.770787 0.915283 0.536621 0.143066 0.30957 
9 0.76217 0.0400391 0.595215 0.0722656 0.25293 
0 0.75626 0.171143 0.476074 0.0385742 0.18457 
3 0.738005 0.401855 0.489746 0.0419922 0.0908203 
3 0.671415 0.431396 0.479004 0.0307617 0.0576172 
2 0.670242 0.149902 0.483398 0.0332031 0.1875 
0 0.661342 0.176025 0.478027 0.0297852 0.143555 
0 0.59088 0.463867 0.470215 0.0527344 0.223633 
0 0.539511 0.230713 0.479492 0.019043 0.101562 
3 0.515105 0.411621 0.487305 0.0322266 0.0878906 
2 0.497721 0.961426 0.469727 0.0527344 0.291016 
2 0.49024 0.133301 0.483398 0.0302734 0.169922 
0 0.486614 0.478027 0.479004 0.0488281 0.182617 
3 0.485863 0.532959 0.466309 0.0776367 0.118164 
9 0.465886 0.958252 0.539062 0.0942383 0.230469 
0 0.434536 0.975586 0.404785 0.046875 0.204102 
9 0.426052 0.147217 0.508789 0.0385742 0.111328 
0 0.423848 0.149902 0.483398 0.0332031 0.1875 
0 0.418159 0.9104 0.48584 0.0893555 0.331055 
0 0.415802 0.299561 0.451172 0.0161133 0.0664062 
2 0.393089 0.0268555 0.47168 0.0537109 0.296875 
3 0.384811 0.414062 0.478027 0.0507812 0.0810547 
0 0.320434 0.237305 0.480469 0.0175781 0.0859375 
0 0.309447 0.164307 0.482422 0.0317383 0.15625 
9 0.279417 0.898926 0.524414 0.0976562 0.248047 
2 0.27876 0.907471 0.475586 0.0854492 0.382812 
3 0.257638 0.442627 0.477051 0.0297852 0.0537109 
