3 0.93684 0.476074 0.453125 0.0332031 0.0507812 
3 0.904152 0.351318 0.430664 0.237793 0.328125 
3 0.834503 0.539795 0.459961 0.0571289 0.0625 
0 0.800434 0.709229 0.484375 0.0336914 0.136719 
3 0.799552 0.217285 0.475098 0.0693359 0.102539 
3 0.798856 0.590088 0.460938 0.0297852 0.0332031 
3 0.78529 0.133301 0.449707 0.124023 0.0908203 
3 0.741268 0.598145 0.458008 0.0332031 0.0332031 
9 0.706832 0.630859 0.537598 0.0703125 0.139648 
2 0.700654 0.633545 0.475586 0.0493164 0.259766 
9 0.655513 0.773438 0.54541 0.111328 0.178711 
3 0.575893 0.678955 0.461426 0.0297852 0.0302734 
2 0.522783 0.786621 0.46582 0.0800781 0.28125 
3 0.493284 0.492676 0.455078 0.0322266 0.0390625 
3 0.438726 0.505615 0.45459 0.0288086 0.0380859 
3 0.414921 0.0214844 0.449219 0.0410156 0.046875 
3 0.352026 0.694092 0.460449 0.0327148 0.0419922 
3 0.33826 0.0771484 0.451172 0.0595703 0.0683594 
3 0.326314 0.0546875 0.449707 0.0439453 0.0537109 
9 0.292213 0.0395508 0.454102 0.0341797 0.0507812 
