3 0.912948 0.495605 0.458008 0.0830078 0.15625 
0 0.874092 0.62793 0.454102 0.0292969 0.158203 
0 0.845941 0.855469 0.463867 0.0615234 0.373047 
0 0.808085 0.193604 0.455566 0.0258789 0.129883 
0 0.801304 0.020752 0.472168 0.0415039 0.249023 
0 0.781955 0.712158 0.449219 0.0444336 0.228516 
9 0.772658 0.107422 0.60791 0.0683594 0.202148 
0 0.756331 0.65918 0.450195 0.03125 0.169922 
3 0.735187 0.371582 0.440918 0.0429688 0.0615234 
2 0.688701 0.109863 0.523926 0.0849609 0.325195 
2 0.661557 0.292725 0.453125 0.0297852 0.140625 
0 0.640224 0.977783 0.590332 0.0444336 0.293945 
0 0.630936 0.730957 0.451172 0.0458984 0.222656 
0 0.584188 0.242432 0.455078 0.0200195 0.078125 
0 0.502604 0.257812 0.45459 0.0166016 0.0751953 
0 0.408069 0.744873 0.45166 0.0424805 0.217773 
9 0.394651 0.29248 0.513184 0.0205078 0.0869141 
2 0.379298 0.338623 0.433594 0.0200195 0.0585938 
0 0.350967 0.228027 0.453613 0.0205078 0.0830078 
3 0.328421 0.558105 0.42627 0.0244141 0.0302734 
2 0.309447 0.293945 0.48291 0.0351562 0.120117 
9 0.27949 0.293945 0.48291 0.0351562 0.120117 
9 0.258679 0.339355 0.444336 0.0195312 0.0644531 
