0 0.991778 0.328125 0.157292 0.0625 0.13125 
4 0.953926 0.227344 0.308333 0.0890625 0.195833 
3 0.948479 0.513281 0.232292 0.0421875 0.06875 
4 0.933851 0.526563 0.30625 0.075 0.141667 
0 0.917955 0.227344 0.283333 0.120313 0.25 
0 0.90637 0.523438 0.289583 0.090625 0.179167 
4 0.841967 0.328906 0.171875 0.0421875 0.0895833 
3 0.618539 0.213281 0.171875 0.0359375 0.0645833 
4 0.519341 0.328125 0.165625 0.053125 0.114583 
3 0.462465 0.336719 0.117708 0.0203125 0.0354167 
4 0.40808 0.432813 0.282292 0.06875 0.14375 
0 0.321021 0.545313 0.2875 0.0875 0.170833 
