0 0.881866 0.753906 0.176042 0.0578125 0.102083 
3 0.820436 0.824219 0.228125 0.0328125 0.0479167 
0 0.768324 0.790625 0.309375 0.121875 0.23125 
4 0.607907 0.796094 0.327083 0.0796875 0.158333 
4 0.596035 0.78125 0.310417 0.08125 0.154167 
3 0.563279 0.764063 0.14375 0.025 0.0333333 
4 0.513722 0.757031 0.178125 0.0484375 0.06875 
0 0.464533 0.786719 0.309375 0.0890625 0.177083 
3 0.409557 0.774219 0.147917 0.0234375 0.0333333 
3 0.404456 0.763281 0.138542 0.0203125 0.0270833 
0 0.342665 0.757031 0.178125 0.0484375 0.06875 
3 0.332379 0.822656 0.214583 0.0328125 0.0541667 
