3 0.609432 0.0289063 0.23125 0.0359375 0.0416667 
0 0.526246 0.084375 0.3125 0.1125 0.195833 
3 0.510954 0.0460938 0.223958 0.0296875 0.03125 
4 0.494268 0.0867188 0.323958 0.129688 0.222917 
0 0.493682 0.046875 0.372917 0.090625 0.208333 
4 0.484288 0.0492188 0.372917 0.0953125 0.216667 
3 0.392249 0.0515625 0.215625 0.03125 0.0395833 
4 0.38943 0.084375 0.314583 0.096875 0.170833 
3 0.378438 0.08125 0.222917 0.03125 0.0333333 
3 0.339713 0.0640625 0.221875 0.03125 0.03125 
3 0.323631 0.015625 0.236458 0.028125 0.0479167 
