3 0.932198 0.62793 0.400879 0.0839844 0.114258 
0 0.927696 0.238281 0.457031 0.0830078 0.435547 
3 0.926843 0.81958 0.414551 0.190918 0.139648 
0 0.904514 0.3396 0.456055 0.101074 0.484375 
0 0.897321 0.692627 0.455078 0.0698242 0.382812 
0 0.870694 0.136719 0.447266 0.0683594 0.417969 
0 0.849989 0.0493164 0.44873 0.0820312 0.375977 
0 0.845523 0.463135 0.478516 0.127441 0.537109 
0 0.768439 0.519775 0.492676 0.169434 0.584961 
0 0.577866 0.0795898 0.443359 0.0507812 0.300781 
0 0.537775 0.927979 0.380859 0.0219727 0.0976562 
0 0.501983 0.763916 0.521973 0.043457 0.227539 
0 0.442559 0.400146 0.390625 0.0268555 0.132812 
0 0.421081 0.916992 0.384766 0.0205078 0.0820312 
3 0.318503 0.757568 0.385254 0.0385742 0.0458984 
0 0.299413 0.901367 0.361328 0.0166016 0.0546875 
