3 0.949103 0.317871 0.483398 0.169922 0.224609 
2 0.913965 0.945557 0.425293 0.0668945 0.231445 
3 0.889948 0.547363 0.434082 0.0761719 0.133789 
3 0.868948 0.45459 0.412598 0.0644531 0.110352 
9 0.847628 0.943359 0.507324 0.0634766 0.194336 
0 0.762765 0.811035 0.408691 0.0283203 0.155273 
3 0.681994 0.129883 0.61084 0.25293 0.678711 
3 0.620959 0.408203 0.434082 0.0849609 0.15332 
3 0.498999 0.489502 0.415039 0.027832 0.0546875 
3 0.417716 0.48291 0.413574 0.0253906 0.0712891 
3 0.357307 0.50415 0.415527 0.0219727 0.0400391 
