0 0.905049 0.644531 0.449219 0.0664062 0.316406 
0 0.888641 0.582275 0.513672 0.0698242 0.382812 
0 0.829121 0.30249 0.45752 0.121582 0.44043 
0 0.802077 0.244141 0.378906 0.0292969 0.142578 
0 0.761072 0.961426 0.350586 0.0175781 0.0859375 
0 0.721801 0.371826 0.380859 0.0239258 0.123047 
0 0.711475 0.384766 0.384277 0.0224609 0.120117 
0 0.652212 0.47583 0.367188 0.0200195 0.0761719 
0 0.610295 0.526367 0.383301 0.0195312 0.0908203 
0 0.586993 0.178955 0.381348 0.0288086 0.139648 
0 0.575578 0.497559 0.446289 0.0712891 0.363281 
3 0.557918 0.621826 0.362793 0.0444336 0.0693359 
0 0.541606 0.444824 0.373047 0.0205078 0.0917969 
0 0.486573 0.268555 0.382324 0.0214844 0.118164 
3 0.480978 0.552979 0.379395 0.0473633 0.0654297 
3 0.479994 0.667969 0.351074 0.0292969 0.0517578 
0 0.466957 0.211914 0.373047 0.0263672 0.148438 
3 0.463844 0.597412 0.371582 0.0327148 0.0576172 
0 0.463144 0.193359 0.378906 0.0253906 0.140625 
3 0.391507 0.756348 0.355957 0.0371094 0.0693359 
0 0.368159 0.802979 0.365234 0.0268555 0.0859375 
0 0.353257 0.460449 0.371582 0.0214844 0.0888672 
0 0.321777 0.699707 0.351074 0.0117188 0.0478516 
0 0.319927 0.170166 0.380859 0.0249023 0.144531 
0 0.318503 0.991943 0.351074 0.0141602 0.0751953 
0 0.301383 0.286865 0.370605 0.0209961 0.100586 
0 0.290822 0.434814 0.378906 0.019043 0.0957031 
0 0.282338 0.488037 0.361816 0.0151367 0.0576172 
0 0.279487 0.262939 0.381836 0.0209961 0.123047 
