3 0.955191 0.856445 0.431152 0.290039 0.557617 
3 0.952818 0.410889 0.446777 0.138184 0.149414 
0 0.842348 0.633057 0.419434 0.027832 0.176758 
3 0.819079 0.2229 0.442383 0.156738 0.107422 
0 0.767053 0.664307 0.415039 0.0385742 0.185547 
9 0.711904 0.705566 0.479492 0.0839844 0.152344 
0 0.694693 0.140625 0.442871 0.0380859 0.198242 
3 0.545604 0.970215 0.65625 0.0556641 0.603516 
0 0.32779 0.00854492 0.448242 0.019043 0.125 
0 0.293354 0.0402832 0.447754 0.0356445 0.12207 
2 0.281773 0.072998 0.421387 0.0415039 0.139648 
0 0.27804 0.654541 0.415527 0.0327148 0.202148 
