3 0.956043 0.827148 0.454102 0.255859 0.271484 
3 0.921277 0.314697 0.45166 0.11377 0.176758 
3 0.907169 0.651123 0.407227 0.0698242 0.113281 
3 0.906711 0.0749512 0.507812 0.149902 0.228516 
3 0.833533 0.225098 0.459473 0.110352 0.155273 
3 0.832874 0.138428 0.473145 0.157715 0.186523 
3 0.829652 0.537354 0.396484 0.0297852 0.0410156 
3 0.692186 0.704346 0.422363 0.0473633 0.118164 
3 0.589417 0.400391 0.422363 0.0400391 0.0712891 
3 0.571947 0.206787 0.47168 0.0786133 0.144531 
3 0.562945 0.601562 0.395996 0.0322266 0.0576172 
3 0.557368 0.588135 0.394531 0.0356445 0.0546875 
3 0.539573 0.369385 0.430664 0.0454102 0.101562 
3 0.535416 0.426758 0.411133 0.0351562 0.0644531 
3 0.517954 0.416748 0.415039 0.043457 0.0664062 
3 0.511817 0.616455 0.397949 0.0297852 0.0673828 
3 0.485782 0.510742 0.390625 0.0234375 0.03125 
3 0.468097 0.38208 0.424805 0.043457 0.0800781 
3 0.401916 0.699951 0.388184 0.0356445 0.0517578 
3 0.389723 0.461182 0.397949 0.0288086 0.0498047 
3 0.363343 0.89502 0.390625 0.120117 0.166016 
3 0.340143 0.478027 0.395996 0.0224609 0.0400391 
3 0.326248 0.448975 0.402344 0.0307617 0.0546875 
3 0.304151 0.489258 0.393066 0.0175781 0.0341797 
