3 0.957602 0.164307 0.476562 0.190918 0.224609 
3 0.882715 0.263672 0.444336 0.0595703 0.103516 
3 0.843829 0.29834 0.425781 0.0722656 0.115234 
3 0.837033 0.431885 0.415039 0.034668 0.046875 
3 0.633142 0.396484 0.422852 0.0361328 0.0507812 
3 0.586637 0.0498047 0.467285 0.108398 0.19043 
3 0.419708 0.387695 0.427734 0.0341797 0.0507812 
3 0.408763 0.584473 0.404297 0.0214844 0.0292969 
3 0.407923 0.411621 0.42041 0.0224609 0.0439453 
3 0.36093 0.628174 0.402344 0.0170898 0.0253906 
3 0.359696 0.497803 0.408691 0.019043 0.0302734 
3 0.312009 0.505371 0.408203 0.0253906 0.0332031 
3 0.294365 0.573242 0.402344 0.0205078 0.0234375 
