0 0.904507 0.661865 0.395508 0.0356445 0.185547 
0 0.832155 0.764893 0.400879 0.0522461 0.254883 
0 0.75173 0.709473 0.388672 0.0302734 0.152344 
0 0.738635 0.583252 0.395996 0.019043 0.0751953 
0 0.717736 0.807373 0.397461 0.0307617 0.132812 
0 0.670888 0.977783 0.359863 0.0415039 0.118164 
0 0.648242 0.606201 0.416016 0.0288086 0.132812 
0 0.638159 0.69043 0.39502 0.0283203 0.141602 
0 0.63466 0.699219 0.389648 0.0332031 0.144531 
0 0.622159 0.61499 0.410645 0.0327148 0.145508 
0 0.614151 0.726562 0.384766 0.0283203 0.148438 
0 0.600915 0.84668 0.416992 0.0439453 0.199219 
0 0.560232 0.507324 0.398438 0.0292969 0.136719 
0 0.554837 0.496582 0.399414 0.0244141 0.125 
0 0.520284 0.477539 0.396484 0.0175781 0.0878906 
0 0.488101 0.537598 0.393066 0.0214844 0.0849609 
0 0.481269 0.742676 0.393066 0.0273438 0.15918 
0 0.424218 0.548584 0.394531 0.012207 0.0664062 
0 0.404967 0.523193 0.394531 0.0180664 0.078125 
0 0.357277 0.929688 0.362793 0.0322266 0.0888672 
0 0.348625 0.87915 0.424316 0.0493164 0.18457 
