3 0.918264 0.502197 0.421875 0.0454102 0.0722656 
3 0.892928 0.920166 0.554199 0.158691 0.604492 
3 0.834631 0.33667 0.42334 0.0395508 0.0654297 
0 0.733874 0.236572 0.42334 0.019043 0.100586 
3 0.658829 0.566406 0.408691 0.0410156 0.0712891 
3 0.601719 0.429688 0.399902 0.0292969 0.0654297 
3 0.578439 0.399414 0.419434 0.0205078 0.0400391 
3 0.577527 0.368896 0.425781 0.0297852 0.0449219 
3 0.510931 0.380127 0.42041 0.0258789 0.0439453 
9 0.49589 0.22583 0.472168 0.0288086 0.0810547 
0 0.401146 0.217285 0.430176 0.0185547 0.0947266 
9 0.365285 0.266357 0.456055 0.0180664 0.0820312 
9 0.36451 0.306885 0.443848 0.0327148 0.0673828 
3 0.358722 0.410156 0.41748 0.0166016 0.0322266 
2 0.355871 0.303223 0.424316 0.0195312 0.0810547 
0 0.327054 0.228027 0.427246 0.0195312 0.0947266 
3 0.918264 0.502197 0.421875 0.0454102 0.0722656 
3 0.892928 0.920166 0.554199 0.158691 0.604492 
3 0.834631 0.33667 0.42334 0.0395508 0.0654297 
0 0.733874 0.236572 0.42334 0.019043 0.100586 
3 0.658829 0.566406 0.408691 0.0410156 0.0712891 
3 0.601719 0.429688 0.399902 0.0292969 0.0654297 
3 0.578439 0.399414 0.419434 0.0205078 0.0400391 
3 0.577527 0.368896 0.425781 0.0297852 0.0449219 
3 0.510931 0.380127 0.42041 0.0258789 0.0439453 
9 0.49589 0.22583 0.472168 0.0288086 0.0810547 
0 0.401146 0.217285 0.430176 0.0185547 0.0947266 
9 0.365285 0.266357 0.456055 0.0180664 0.0820312 
9 0.36451 0.306885 0.443848 0.0327148 0.0673828 
3 0.358722 0.410156 0.41748 0.0166016 0.0322266 
2 0.355871 0.303223 0.424316 0.0195312 0.0810547 
0 0.327054 0.228027 0.427246 0.0195312 0.0947266 
