0 0.841895 0.77002 0.442383 0.0224609 0.0976562 
9 0.806423 0.45874 0.447754 0.0522461 0.0849609 
9 0.745171 0.26001 0.460938 0.0688477 0.0820312 
2 0.725874 0.263184 0.432617 0.0351562 0.123047 
0 0.714889 0.334473 0.435059 0.0273438 0.137695 
2 0.650925 0.866455 0.450684 0.0395508 0.0849609 
0 0.616501 0.525879 0.430664 0.0283203 0.115234 
0 0.591297 0.710205 0.446289 0.0268555 0.101562 
0 0.590712 0.720947 0.447266 0.019043 0.0859375 
9 0.543138 0.864258 0.462402 0.0507812 0.0634766 
0 0.490001 0.601807 0.444336 0.0268555 0.101562 
0 0.485378 0.537598 0.428223 0.0263672 0.104492 
0 0.456105 0.396973 0.429199 0.0234375 0.106445 
0 0.453496 0.474609 0.42334 0.015625 0.0830078 
0 0.435929 0.56543 0.429688 0.0263672 0.123047 
0 0.410731 0.696045 0.446777 0.0239258 0.0986328 
0 0.389656 0.651611 0.430664 0.0180664 0.0683594 
0 0.383869 0.678467 0.443848 0.0288086 0.100586 
0 0.359293 0.664307 0.432617 0.019043 0.0722656 
0 0.351676 0.557129 0.431641 0.0302734 0.126953 
3 0.322811 0.600342 0.430664 0.0395508 0.0996094 
6 0.318448 0.0637207 0.368652 0.112793 0.258789 
3 0.265763 0.590332 0.428223 0.0517578 0.0849609 
