0 0.905325 0.29834 0.428711 0.0664062 0.294922 
0 0.840718 0.382812 0.428711 0.0556641 0.265625 
0 0.834291 0.798828 0.428711 0.046875 0.236328 
0 0.825632 0.735352 0.42041 0.0410156 0.239258 
3 0.775937 0.0449219 0.578613 0.0839844 0.700195 
0 0.749596 0.632324 0.405762 0.0556641 0.180664 
9 0.730581 0.542725 0.47998 0.0708008 0.213867 
0 0.686395 0.424316 0.406738 0.0419922 0.209961 
0 0.595803 0.847412 0.425293 0.027832 0.163086 
0 0.593502 0.467041 0.416016 0.0805664 0.285156 
9 0.584965 0.588867 0.507812 0.111328 0.203125 
0 0.576402 0.134521 0.401855 0.0249023 0.125977 
0 0.548206 0.658691 0.396973 0.0244141 0.129883 
0 0.542876 0.55127 0.385742 0.0234375 0.0917969 
0 0.499442 0.82666 0.430176 0.0351562 0.161133 
0 0.422214 0.107422 0.413574 0.0244141 0.100586 
9 0.412586 0.611328 0.475098 0.0869141 0.272461 
0 0.297986 0.653564 0.413574 0.0268555 0.135742 
9 0.291748 0.431152 0.452637 0.0654297 0.12207 
0 0.278538 0.411133 0.412598 0.03125 0.18457 
0 0.276928 0.410156 0.393555 0.0195312 0.128906 
0 0.276298 0.818115 0.431641 0.0258789 0.175781 
