3 0.936166 0.480957 0.422852 0.0556641 0.0820312 
3 0.851708 0.587646 0.404785 0.0600586 0.104492 
0 0.841678 0.802002 0.395996 0.034668 0.166992 
3 0.826387 0.263428 0.435059 0.0629883 0.0908203 
0 0.783032 0.919434 0.378906 0.0371094 0.146484 
3 0.726459 0.334961 0.429199 0.0283203 0.0556641 
0 0.716054 0.695801 0.39502 0.0390625 0.192383 
3 0.62696 0.305664 0.434082 0.0322266 0.0556641 
10 0.569397 0.670654 0.443848 0.112793 0.110352 
3 0.56253 0.445801 0.397461 0.0195312 0.03125 
3 0.546915 0.367432 0.426758 0.0229492 0.0429688 
3 0.546756 0.320557 0.433594 0.0288086 0.0566406 
3 0.525476 0.353027 0.426758 0.0244141 0.0488281 
0 0.505955 0.667725 0.392578 0.0366211 0.177734 
3 0.460798 0.4104 0.396484 0.0415039 0.0800781 
0 0.447208 0.673584 0.413086 0.0522461 0.195312 
