3 0.94581 0.256348 0.476074 0.119141 0.114258 
3 0.901918 0.33374 0.472168 0.0668945 0.0869141 
3 0.881517 0.479492 0.465332 0.161133 0.155273 
9 0.746774 0.93042 0.497559 0.050293 0.139648 
3 0.723652 0.953125 0.48291 0.0908203 0.15918 
3 0.715023 0.378906 0.462891 0.0488281 0.0800781 
10 0.658499 0.765869 0.486328 0.166504 0.169922 
3 0.560645 0.427002 0.459961 0.0678711 0.103516 
10 0.465465 0.837891 0.487793 0.0917969 0.178711 
8 0.369048 0.540039 0.488281 0.0654297 0.134766 
0 0.325348 0.211426 0.447266 0.0136719 0.0585938 
9 0.315411 0.83667 0.490234 0.0883789 0.193359 
8 0.275949 0.663818 0.485352 0.059082 0.150391 
8 0.260051 0.881836 0.487793 0.0771484 0.139648 
