3 0.88479 0.0393066 0.474609 0.0795898 0.130859 
3 0.673175 0.395508 0.416504 0.0302734 0.0478516 
3 0.646576 0.18042 0.429199 0.0532227 0.0654297 
3 0.612842 0.195312 0.430664 0.0419922 0.0585938 
3 0.538182 0.149902 0.430664 0.0390625 0.0546875 
0 0.485395 0.639404 0.399414 0.0297852 0.132812 
3 0.468741 0.163574 0.431152 0.0449219 0.0576172 
3 0.464209 0.476562 0.407227 0.0244141 0.0390625 
3 0.456102 0.10498 0.438965 0.0449219 0.0556641 
3 0.438 0.4104 0.40918 0.0209961 0.0371094 
0 0.398666 0.336426 0.415527 0.0146484 0.0595703 
0 0.377377 0.597168 0.398926 0.0166016 0.0791016 
0 0.267796 0.34668 0.416504 0.0126953 0.0498047 
