3 0.908326 0.328613 0.445801 0.0693359 0.110352 
0 0.772591 0.145752 0.509277 0.0874023 0.329102 
3 0.771692 0.817139 0.473145 0.270996 0.374023 
3 0.770457 0.692871 0.453613 0.0996094 0.155273 
3 0.766795 0.93042 0.491699 0.13916 0.499023 
3 0.740153 0.556152 0.425293 0.0488281 0.0810547 
3 0.66954 0.396973 0.412109 0.0253906 0.0410156 
3 0.623549 0.357666 0.433105 0.050293 0.0947266 
3 0.615961 0.615967 0.429688 0.0581055 0.0859375 
3 0.608001 0.113037 0.51709 0.211426 0.295898 
3 0.584328 0.199951 0.460449 0.231934 0.249023 
0 0.576924 0.0112305 0.395508 0.0224609 0.109375 
3 0.51785 0.587402 0.425293 0.0605469 0.0849609 
3 0.460574 0.416992 0.410645 0.0244141 0.0400391 
3 0.419782 0.64917 0.422852 0.0922852 0.0957031 
0 0.401012 0.445801 0.412598 0.0205078 0.0712891 
3 0.360101 0.427734 0.411133 0.0253906 0.0410156 
3 0.332044 0.665039 0.441895 0.0966797 0.125977 
0 0.299793 0.0424805 0.394043 0.015625 0.0791016 
