3 0.957863 0.904541 0.477539 0.187012 0.441406 
3 0.947841 0.255615 0.433105 0.205566 0.31543 
3 0.912311 0.519043 0.441406 0.0605469 0.0859375 
5 0.887395 0.664795 0.393066 0.13916 0.254883 
3 0.865669 0.365967 0.431152 0.081543 0.176758 
9 0.82653 0.0698242 0.48291 0.0898438 0.163086 
3 0.76096 0.416016 0.430664 0.046875 0.101562 
10 0.750285 0.784912 0.445801 0.0864258 0.102539 
3 0.68369 0.5896 0.433594 0.0405273 0.0605469 
0 0.588217 0.446045 0.429688 0.0180664 0.09375 
0 0.405145 0.132568 0.434082 0.0375977 0.196289 
3 0.384597 0.569824 0.430664 0.0292969 0.0566406 
0 0.381761 0.147461 0.431152 0.0253906 0.145508 
0 0.374636 0.46167 0.427246 0.0151367 0.0498047 
9 0.311838 0.443848 0.446289 0.0205078 0.0722656 
0 0.290903 0.598877 0.383789 0.0170898 0.0566406 
3 0.278056 0.556641 0.428711 0.0234375 0.0449219 
2 0.278045 0.445557 0.430664 0.0200195 0.0976562 
