3 0.95379 0.880859 0.457031 0.141602 0.169922 
3 0.951027 0.725098 0.429688 0.0771484 0.105469 
3 0.935939 0.790283 0.442383 0.097168 0.136719 
3 0.932909 0.952881 0.487305 0.0913086 0.222656 
3 0.755001 0.681396 0.424805 0.0424805 0.0820312 
3 0.708607 0.579834 0.409668 0.0258789 0.0400391 
3 0.588716 0.513184 0.407715 0.0322266 0.0400391 
3 0.546948 0.634521 0.412598 0.0307617 0.0439453 
3 0.496969 0.69043 0.429688 0.0380859 0.0820312 
3 0.483429 0.649902 0.419922 0.0292969 0.0546875 
3 0.452249 0.661621 0.420898 0.0371094 0.0742188 
