0 0.892727 0.0715332 0.450195 0.0297852 0.121094 
0 0.759008 0.699219 0.38623 0.0322266 0.145508 
0 0.752379 0.762695 0.371094 0.0224609 0.123047 
0 0.667815 0.674072 0.386719 0.0249023 0.125 
0 0.650854 0.738037 0.371094 0.0258789 0.126953 
0 0.649937 0.432861 0.472168 0.108887 0.387695 
0 0.608749 0.146729 0.444824 0.0288086 0.120117 
0 0.446988 0.173584 0.45166 0.0151367 0.0947266 
0 0.39733 0.111816 0.446777 0.0175781 0.0947266 
0 0.394185 0.445557 0.392578 0.0151367 0.0585938 
3 0.350521 0.27002 0.419922 0.078125 0.0625 
0 0.347943 0.583496 0.415527 0.0136719 0.0634766 
0 0.313972 0.955078 0.366211 0.0263672 0.119141 
0 0.262113 0.197266 0.429688 0.0126953 0.0703125 
