3 0.963159 0.852051 0.535645 0.289062 0.385742 
3 0.951309 0.398682 0.424316 0.104004 0.157227 
0 0.859146 0.267822 0.418457 0.0288086 0.147461 
0 0.83345 0.230957 0.411133 0.0322266 0.146484 
3 0.806505 0.619873 0.416016 0.0288086 0.0507812 
0 0.782617 0.293945 0.414062 0.0263672 0.15625 
3 0.719382 0.678955 0.419434 0.0522461 0.118164 
3 0.699644 0.459717 0.418945 0.0288086 0.0742188 
3 0.669119 0.447266 0.42334 0.0302734 0.0947266 
3 0.652126 0.700439 0.425781 0.0629883 0.117188 
3 0.604018 0.537109 0.404297 0.0292969 0.0429688 
3 0.582059 0.478027 0.412109 0.0263672 0.0507812 
0 0.581568 0.647217 0.418945 0.0161133 0.0566406 
3 0.54625 0.752441 0.431152 0.0771484 0.151367 
3 0.395018 0.70752 0.439941 0.0488281 0.0986328 
0 0.299766 0.302734 0.416992 0.0283203 0.158203 
3 0.292568 0.487061 0.409668 0.0200195 0.0400391 
0 0.291979 0.314453 0.415527 0.0244141 0.147461 
9 0.28792 0.310059 0.450195 0.0244141 0.107422 
