0 0.94929 0.446777 0.466309 0.108398 0.514648 
3 0.779349 0.195312 0.388672 0.0322266 0.046875 
3 0.758688 0.103027 0.393066 0.0341797 0.0478516 
3 0.739639 0.165771 0.386719 0.0317383 0.046875 
3 0.597121 0.0585938 0.398438 0.0439453 0.0449219 
3 0.596841 0.145264 0.387695 0.0307617 0.0507812 
0 0.583222 0.893799 0.355957 0.019043 0.0830078 
0 0.441096 0.889404 0.356445 0.0170898 0.0839844 
3 0.353798 0.133789 0.393066 0.0273438 0.0419922 
3 0.346166 0.117188 0.393555 0.0253906 0.0429688 
0 0.305069 0.706787 0.366699 0.0131836 0.0517578 
4 0.301757 0.288086 0.382812 0.0449219 0.046875 
3 0.25326 0.0834961 0.395508 0.03125 0.0449219 
