3 0.898995 0.389648 0.422363 0.0771484 0.118164 
3 0.896263 0.122803 0.526855 0.243652 0.374023 
3 0.855004 0.24707 0.400391 0.234375 0.400391 
3 0.766245 0.441895 0.413086 0.0419922 0.0703125 
3 0.657164 0.580566 0.413574 0.0361328 0.0556641 
3 0.601101 0.618408 0.419434 0.0454102 0.0849609 
0 0.370834 0.745117 0.429199 0.0302734 0.143555 
0 0.365058 0.558838 0.410645 0.0161133 0.0712891 
3 0.319757 0.632324 0.416504 0.0566406 0.0810547 
3 0.30746 0.0161133 0.661621 0.03125 0.366211 
3 0.270347 0.539795 0.398438 0.027832 0.0351562 
