3 0.96092 0.526367 0.42334 0.0771484 0.112305 
3 0.882364 0.302979 0.41748 0.118652 0.0986328 
3 0.881659 0.0883789 0.454102 0.158203 0.1875 
3 0.871713 0.443848 0.42334 0.0839844 0.0771484 
0 0.760837 0.799805 0.408691 0.0292969 0.139648 
3 0.742307 0.0339355 0.476074 0.0629883 0.225586 
3 0.67414 0.378906 0.394043 0.0488281 0.0576172 
10 0.581436 0.685059 0.452148 0.0683594 0.132812 
3 0.581312 0.49292 0.424316 0.027832 0.0791016 
0 0.563085 0.70752 0.390625 0.0214844 0.0839844 
3 0.451357 0.355225 0.411133 0.0717773 0.0859375 
3 0.437208 0.369141 0.410645 0.0556641 0.0693359 
