3 0.944444 0.946533 0.539062 0.108887 0.380859 
3 0.859981 0.882568 0.473145 0.196777 0.241211 
3 0.760189 0.633789 0.411621 0.0429688 0.0654297 
3 0.759803 0.679932 0.41748 0.043457 0.0869141 
3 0.754521 0.758301 0.433594 0.101562 0.164062 
0 0.700705 0.825439 0.408203 0.0522461 0.173828 
0 0.594271 0.82251 0.397461 0.0336914 0.130859 
3 0.588237 0.708252 0.42041 0.0610352 0.104492 
3 0.581675 0.665527 0.415527 0.0507812 0.0791016 
0 0.573912 0.833984 0.396973 0.0244141 0.100586 
3 0.557876 0.507812 0.392578 0.0253906 0.0371094 
3 0.555716 0.724854 0.417969 0.0727539 0.121094 
3 0.548112 0.646973 0.414551 0.0478516 0.0712891 
3 0.542183 0.615723 0.40332 0.0419922 0.0585938 
3 0.483987 0.693115 0.420898 0.0454102 0.0976562 
5 0.468897 0.421387 0.373047 0.100586 0.226562 
3 0.458111 0.490479 0.391602 0.0239258 0.0351562 
3 0.433244 0.478271 0.394531 0.0219727 0.0351562 
3 0.404633 0.603516 0.401855 0.0332031 0.0556641 
3 0.382135 0.821533 0.445801 0.140137 0.200195 
3 0.340872 0.525146 0.394531 0.0268555 0.0371094 
0 0.321824 0.302246 0.400391 0.0175781 0.0917969 
3 0.309142 0.464355 0.412598 0.0205078 0.0615234 
3 0.269653 0.785645 0.445312 0.0839844 0.166016 
