3 0.941998 0.740967 0.400391 0.13916 0.220703 
3 0.941304 0.442627 0.412598 0.0454102 0.0693359 
3 0.906006 0.552246 0.401367 0.0380859 0.0566406 
3 0.850443 0.600342 0.398926 0.0288086 0.0654297 
3 0.842297 0.959229 0.479004 0.0854492 0.467773 
3 0.804395 0.670166 0.417969 0.0522461 0.126953 
3 0.786106 0.877441 0.462891 0.219727 0.292969 
3 0.767971 0.618164 0.410156 0.0302734 0.0820312 
3 0.761547 0.641602 0.411621 0.0478516 0.0908203 
0 0.761086 0.241943 0.424316 0.0219727 0.118164 
0 0.613225 0.324951 0.399414 0.0141602 0.0703125 
0 0.586559 0.20874 0.417969 0.0288086 0.121094 
0 0.551011 0.222656 0.424805 0.0244141 0.101562 
10 0.537782 0.260254 0.441406 0.0615234 0.0976562 
9 0.296247 0.321777 0.416016 0.0185547 0.0566406 
0 0.262188 0.233887 0.429199 0.0341797 0.112305 
0 0.257208 0.518066 0.385254 0.00976562 0.0380859 
