3 0.94871 0.758057 0.467285 0.14502 0.208008 
3 0.936742 0.87207 0.532227 0.232422 0.308594 
3 0.832283 0.446045 0.384766 0.0512695 0.0703125 
3 0.808277 0.673584 0.427734 0.090332 0.136719 
3 0.691797 0.690186 0.447754 0.0805664 0.15918 
3 0.683903 0.636475 0.418945 0.0483398 0.109375 
3 0.603527 0.953369 0.647461 0.0942383 0.482422 
0 0.543113 0.393066 0.401367 0.0185547 0.0878906 
3 0.438683 0.555908 0.384766 0.0581055 0.046875 
10 0.382524 0.338867 0.419434 0.0683594 0.0771484 
0 0.315258 0.602051 0.385742 0.0146484 0.0566406 
