3 0.938246 0.153076 0.493164 0.187012 0.191406 
3 0.922139 0.586914 0.51416 0.308594 0.504883 
3 0.736953 0.0239258 0.519531 0.0478516 0.292969 
0 0.661615 0.284668 0.446777 0.03125 0.139648 
0 0.60349 0.224854 0.421387 0.0258789 0.0869141 
0 0.590593 0.321045 0.445801 0.027832 0.124023 
0 0.551344 0.304688 0.449707 0.0234375 0.116211 
0 0.51444 0.385986 0.433594 0.0307617 0.132812 
3 0.505119 0.449707 0.413086 0.0332031 0.0527344 
0 0.496264 0.335938 0.442871 0.0273438 0.124023 
0 0.478513 0.255127 0.446289 0.0307617 0.132812 
3 0.396416 0.415283 0.428711 0.0395508 0.0820312 
0 0.3864 0.361572 0.441406 0.0366211 0.140625 
0 0.370115 0.865723 0.367676 0.0361328 0.147461 
0 0.340667 0.20874 0.39502 0.0229492 0.0595703 
0 0.309847 0.245361 0.444824 0.0317383 0.139648 
0 0.300842 0.916016 0.366211 0.0302734 0.105469 
0 0.276212 0.414795 0.428711 0.0385742 0.0917969 
0 0.251652 0.275635 0.450684 0.0219727 0.118164 
