3 0.955911 0.567871 0.490234 0.160156 0.25 
3 0.924182 0.727783 0.447754 0.0932617 0.12207 
0 0.832192 0.30835 0.444336 0.0385742 0.166016 
10 0.823417 0.411133 0.462402 0.0888672 0.102539 
0 0.775735 0.231934 0.44873 0.0419922 0.180664 
0 0.755718 0.223633 0.448242 0.0322266 0.169922 
0 0.751625 0.272949 0.44873 0.0351562 0.155273 
0 0.732271 0.181152 0.444336 0.0380859 0.183594 
0 0.720679 0.240967 0.447266 0.0336914 0.177734 
0 0.669508 0.815186 0.426758 0.0268555 0.126953 
3 0.632593 0.693604 0.42627 0.0532227 0.0830078 
3 0.592904 0.621826 0.413574 0.074707 0.100586 
0 0.591698 0.144775 0.457031 0.0541992 0.228516 
0 0.558425 0.321533 0.445801 0.0317383 0.151367 
3 0.538978 0.755859 0.384766 0.0605469 0.0703125 
0 0.507862 0.195557 0.444336 0.0297852 0.164062 
0 0.413205 0.917969 0.411621 0.0224609 0.110352 
0 0.407777 0.161621 0.447754 0.0332031 0.188477 
3 0.343099 0.679932 0.424805 0.043457 0.0761719 
3 0.299308 0.756348 0.369141 0.0488281 0.0449219 
0 0.298456 0.121582 0.449219 0.0439453 0.185547 
0 0.296217 0.209961 0.429688 0.0244141 0.113281 
0 0.268132 0.398926 0.415039 0.0166016 0.0527344 
0 0.26012 0.286377 0.45166 0.0229492 0.129883 
