3 0.923206 0.299561 0.452637 0.0737305 0.0947266 
0 0.887762 0.915283 0.444824 0.059082 0.258789 
3 0.849642 0.617188 0.440918 0.0498047 0.0712891 
3 0.835829 0.159424 0.452637 0.0756836 0.0888672 
0 0.798464 0.802734 0.424805 0.0341797 0.171875 
3 0.700308 0.338135 0.433105 0.0317383 0.0498047 
3 0.697827 0.250732 0.444336 0.0454102 0.0644531 
0 0.686772 0.840332 0.427734 0.0478516 0.228516 
0 0.632593 0.776611 0.411621 0.0297852 0.145508 
3 0.601878 0.205322 0.448242 0.050293 0.0703125 
3 0.567609 0.540771 0.411133 0.0336914 0.0605469 
3 0.510212 0.380371 0.436523 0.0429688 0.0664062 
0 0.495318 0.519775 0.424316 0.0141602 0.0595703 
0 0.486202 0.505127 0.428711 0.0141602 0.0566406 
3 0.455294 0.569824 0.416992 0.0195312 0.0371094 
9 0.446436 0.0993652 0.458496 0.0522461 0.0908203 
9 0.409647 0.116943 0.463379 0.0571289 0.0830078 
3 0.404716 0.600342 0.42627 0.0424805 0.0869141 
0 0.400234 0.893311 0.45459 0.0327148 0.198242 
0 0.367584 0.957275 0.47998 0.0395508 0.143555 
0 0.356487 0.0893555 0.450195 0.0283203 0.115234 
3 0.306115 0.351074 0.427734 0.0273438 0.0585938 
