3 0.932539 0.879639 0.521973 0.22998 0.321289 
3 0.932504 0.753662 0.470703 0.158691 0.210938 
3 0.920067 0.130615 0.525879 0.186035 0.22168 
3 0.877246 0.692627 0.447266 0.0913086 0.160156 
3 0.872719 0.6521 0.442871 0.0571289 0.114258 
3 0.856228 0.0603027 0.540527 0.118652 0.34082 
3 0.835459 0.56665 0.420898 0.0737305 0.0703125 
3 0.762331 0.307373 0.461426 0.0883789 0.120117 
3 0.748602 0.365234 0.432617 0.0332031 0.0644531 
3 0.729174 0.192139 0.493652 0.158691 0.176758 
3 0.646551 0.475586 0.421387 0.03125 0.0458984 
3 0.621264 0.24585 0.474609 0.14209 0.164062 
3 0.607601 0.350342 0.441895 0.0356445 0.0830078 
3 0.57429 0.495117 0.419922 0.0283203 0.0507812 
3 0.571794 0.383057 0.424316 0.027832 0.0517578 
3 0.558974 0.510986 0.419922 0.034668 0.0566406 
3 0.531304 0.519043 0.419434 0.0361328 0.0595703 
4 0.52712 0.446289 0.414062 0.0292969 0.0332031 
3 0.336161 0.460938 0.420898 0.0253906 0.0371094 
3 0.253397 0.337646 0.43457 0.0532227 0.0898438 
