3 0.966938 0.409912 0.419922 0.100098 0.154297 
3 0.922623 0.111084 0.605469 0.217285 0.587891 
3 0.894252 0.925537 0.455566 0.148926 0.55957 
3 0.797613 0.64209 0.402344 0.0507812 0.105469 
3 0.716702 0.612305 0.398438 0.0361328 0.0722656 
3 0.645556 0.604736 0.395508 0.0327148 0.0703125 
3 0.543037 0.476807 0.404785 0.0415039 0.0693359 
2 0.479606 0.243652 0.467285 0.0605469 0.276367 
2 0.46149 0.262451 0.466797 0.0708008 0.267578 
8 0.369341 0.245605 0.514648 0.0634766 0.216797 
0 0.361481 0.271729 0.481445 0.0629883 0.253906 
3 0.286279 0.491943 0.393066 0.0170898 0.0419922 
