3 0.960973 0.823242 0.445801 0.12207 0.163086 
3 0.956612 0.148682 0.469238 0.290527 0.567383 
3 0.937571 0.702881 0.434082 0.156738 0.233398 
3 0.906404 0.297852 0.430176 0.167969 0.297852 
3 0.885956 0.944824 0.440918 0.110352 0.168945 
3 0.882058 0.584473 0.410156 0.0371094 0.078125 
3 0.872053 0.377441 0.427734 0.0839844 0.197266 
3 0.820724 0.554199 0.397461 0.0332031 0.0566406 
3 0.764242 0.623291 0.414062 0.065918 0.119141 
3 0.604115 0.458496 0.395996 0.0537109 0.0498047 
3 0.568289 0.521729 0.40332 0.0385742 0.0566406 
3 0.445482 0.47998 0.391113 0.0332031 0.0439453 
3 0.272386 0.568848 0.408203 0.0253906 0.0625 
9 0.264348 0.416016 0.416504 0.0380859 0.0712891 
