0 0.906375 0.447021 0.421387 0.0825195 0.385742 
0 0.879018 0.165283 0.419434 0.0551758 0.200195 
0 0.87191 0.305664 0.446289 0.0673828 0.355469 
0 0.805471 0.574219 0.432129 0.0693359 0.258789 
2 0.799274 0.63501 0.40332 0.043457 0.234375 
0 0.794748 0.536377 0.417969 0.0610352 0.304688 
0 0.789464 0.884277 0.413574 0.0517578 0.256836 
0 0.725717 0.910156 0.413574 0.0371094 0.256836 
0 0.679476 0.0109863 0.427734 0.0219727 0.201172 
0 0.647871 0.775391 0.408203 0.0292969 0.15625 
9 0.548629 0.835693 0.446777 0.103027 0.147461 
0 0.534512 0.791748 0.400391 0.0258789 0.130859 
9 0.512874 0.631104 0.460449 0.0356445 0.151367 
0 0.500859 0.730713 0.398926 0.0307617 0.172852 
0 0.46709 0.17749 0.416016 0.0405273 0.197266 
10 0.381702 0.837158 0.447266 0.103027 0.130859 
0 0.361497 0.802979 0.387207 0.0209961 0.100586 
0 0.343493 0.696289 0.383789 0.0185547 0.0703125 
0 0.3067 0.665771 0.383789 0.0170898 0.0605469 
0 0.303723 0.015625 0.450195 0.03125 0.224609 
1 0.28283 0.479004 0.384277 0.0185547 0.0615234 
0 0.269946 0.726562 0.396484 0.0292969 0.123047 
0 0.250939 0.713379 0.382812 0.0166016 0.0742188 
