3 0.931322 0.334473 0.432617 0.0722656 0.0957031 
3 0.873986 0.38916 0.416992 0.0507812 0.0761719 
3 0.806537 0.300781 0.422852 0.0488281 0.0800781 
3 0.768343 0.449219 0.410645 0.0224609 0.0400391 
0 0.602329 0.68457 0.401367 0.0302734 0.132812 
0 0.522094 0.62085 0.39502 0.0219727 0.131836 
3 0.471771 0.513184 0.401367 0.015625 0.0234375 
3 0.39574 0.518555 0.401367 0.0185547 0.0234375 
3 0.378933 0.362061 0.416504 0.0375977 0.0673828 
0 0.33825 0.0949707 0.432617 0.0268555 0.138672 
3 0.304234 0.415771 0.414551 0.0229492 0.0458984 
3 0.267768 0.428711 0.402832 0.0263672 0.0458984 
3 0.260824 0.4646 0.409668 0.0219727 0.0322266 
