3 0.897289 0.550293 0.458008 0.0380859 0.0644531 
0 0.862373 0.214844 0.458984 0.0253906 0.115234 
3 0.838701 0.472412 0.459961 0.0366211 0.0585938 
3 0.782741 0.303223 0.468262 0.0537109 0.0693359 
8 0.780088 0.426758 0.483398 0.0292969 0.0703125 
3 0.742998 0.346191 0.458496 0.0390625 0.0615234 
0 0.737828 0.756348 0.453125 0.0253906 0.119141 
3 0.651907 0.573486 0.445312 0.0200195 0.0351562 
3 0.651386 0.494141 0.453613 0.0253906 0.0458984 
3 0.637185 0.371338 0.460938 0.0258789 0.046875 
0 0.634354 0.741943 0.452148 0.027832 0.119141 
3 0.610569 0.51001 0.450684 0.0219727 0.0400391 
0 0.592828 0.658936 0.464844 0.0317383 0.150391 
3 0.589656 0.399658 0.458984 0.0268555 0.0351562 
0 0.574177 0.646973 0.46875 0.0322266 0.148438 
0 0.559507 0.727051 0.45166 0.0263672 0.116211 
0 0.495722 0.635498 0.478516 0.0219727 0.130859 
0 0.449194 0.987061 0.444824 0.0249023 0.208008 
3 0.443948 0.603027 0.434082 0.0478516 0.0888672 
3 0.440216 0.380127 0.460449 0.0239258 0.0419922 
3 0.400714 0.337891 0.460938 0.0361328 0.0625 
0 0.384861 0.632324 0.461426 0.0214844 0.133789 
3 0.374749 0.320801 0.464355 0.0341797 0.0634766 
2 0.354129 0.427002 0.457031 0.0200195 0.0585938 
