3 0.918452 0.619141 0.440918 0.0537109 0.0810547 
3 0.880476 0.509033 0.434082 0.0561523 0.0810547 
0 0.770586 0.345215 0.418457 0.0234375 0.116211 
3 0.665267 0.598633 0.432617 0.0400391 0.0722656 
0 0.652714 0.259521 0.442871 0.0424805 0.225586 
3 0.559294 0.570312 0.425781 0.0224609 0.0507812 
0 0.542569 0.648926 0.428711 0.0126953 0.0664062 
0 0.538185 0.666016 0.431152 0.0185547 0.0810547 
0 0.414024 0.0422363 0.421387 0.019043 0.0830078 
2 0.413272 0.11499 0.401367 0.027832 0.101562 
3 0.397577 0.556885 0.419922 0.0200195 0.0429688 
10 0.361282 0.108154 0.416992 0.0571289 0.0878906 
0 0.358177 0.00585938 0.418457 0.015625 0.110352 
3 0.355726 0.583984 0.432617 0.0263672 0.0683594 
0 0.351857 0.0229492 0.416992 0.0166016 0.0859375 
9 0.283369 0.115723 0.424805 0.0439453 0.0742188 
