3 0.945818 0.158936 0.445801 0.162598 0.174805 
3 0.871682 0.50415 0.413086 0.0620117 0.0917969 
6 0.740212 0.381592 0.362305 0.0766602 0.126953 
3 0.64646 0.476807 0.38623 0.0483398 0.0849609 
3 0.64208 0.445801 0.38623 0.0292969 0.0517578 
2 0.490552 0.283447 0.39209 0.0229492 0.0947266 
0 0.458547 0.461182 0.412109 0.0219727 0.0996094 
0 0.351034 0.0114746 0.391602 0.027832 0.300781 
9 0.286961 0.63916 0.423828 0.0205078 0.0898438 
3 0.279333 0.474121 0.370117 0.0400391 0.0683594 
0 0.266988 0.383057 0.414551 0.0180664 0.0830078 
