3 0.915566 0.622803 0.420898 0.0913086 0.160156 
0 0.887192 0.128662 0.418945 0.0229492 0.117188 
3 0.796623 0.938721 0.391602 0.122559 0.144531 
0 0.766141 0.0568848 0.421387 0.0268555 0.131836 
3 0.673713 0.365723 0.415039 0.0234375 0.0390625 
3 0.633378 0.541016 0.409668 0.0234375 0.0341797 
0 0.583597 0.0668945 0.42627 0.0351562 0.12207 
0 0.534737 0.242432 0.416992 0.0170898 0.0742188 
0 0.531652 0.0371094 0.42627 0.0214844 0.114258 
0 0.46728 0.208008 0.421875 0.0136719 0.0742188 
0 0.460969 0.181396 0.424805 0.0161133 0.0664062 
0 0.429424 0.342285 0.429199 0.0429688 0.213867 
0 0.417693 0.801514 0.403809 0.019043 0.0986328 
3 0.415842 0.398438 0.411133 0.0214844 0.0371094 
0 0.409827 0.681152 0.395996 0.0175781 0.0791016 
0 0.38793 0.286865 0.414062 0.0141602 0.0605469 
0 0.356165 0.667969 0.393066 0.0126953 0.0712891 
3 0.315602 0.324219 0.419434 0.0185547 0.0400391 
0 0.308179 0.303223 0.413574 0.0126953 0.0556641 
0 0.294356 0.902588 0.356934 0.0180664 0.0712891 
3 0.268967 0.582031 0.401855 0.015625 0.0341797 
3 0.915566 0.622803 0.420898 0.0913086 0.160156 
0 0.887192 0.128662 0.418945 0.0229492 0.117188 
3 0.796623 0.938721 0.391602 0.122559 0.144531 
0 0.766141 0.0568848 0.421387 0.0268555 0.131836 
3 0.673713 0.365723 0.415039 0.0234375 0.0390625 
3 0.633378 0.541016 0.409668 0.0234375 0.0341797 
0 0.583597 0.0668945 0.42627 0.0351562 0.12207 
0 0.534737 0.242432 0.416992 0.0170898 0.0742188 
0 0.531652 0.0371094 0.42627 0.0214844 0.114258 
0 0.46728 0.208008 0.421875 0.0136719 0.0742188 
0 0.460969 0.181396 0.424805 0.0161133 0.0664062 
0 0.429424 0.342285 0.429199 0.0429688 0.213867 
0 0.417693 0.801514 0.403809 0.019043 0.0986328 
3 0.415842 0.398438 0.411133 0.0214844 0.0371094 
0 0.409827 0.681152 0.395996 0.0175781 0.0791016 
0 0.38793 0.286865 0.414062 0.0141602 0.0605469 
0 0.356165 0.667969 0.393066 0.0126953 0.0712891 
3 0.315602 0.324219 0.419434 0.0185547 0.0400391 
0 0.308179 0.303223 0.413574 0.0126953 0.0556641 
0 0.294356 0.902588 0.356934 0.0180664 0.0712891 
3 0.268967 0.582031 0.401855 0.015625 0.0341797 
