3 0.912367 0.428711 0.425781 0.0556641 0.078125 
3 0.790019 0.508789 0.412598 0.03125 0.0556641 
3 0.773267 0.597168 0.415527 0.0546875 0.0849609 
0 0.72149 0.645264 0.418457 0.0200195 0.0908203 
3 0.711765 0.476318 0.418945 0.0405273 0.0664062 
2 0.648171 0.285156 0.421387 0.0244141 0.0947266 
3 0.631415 0.619141 0.412598 0.0273438 0.0634766 
9 0.630558 0.285156 0.450195 0.0332031 0.0546875 
3 0.586926 0.491943 0.416992 0.0336914 0.0585938 
3 0.552276 0.523193 0.409668 0.027832 0.0478516 
3 0.537207 0.540039 0.410156 0.0273438 0.0429688 
3 0.502843 0.460938 0.423828 0.0341797 0.0722656 
3 0.484795 0.55127 0.408691 0.0244141 0.0380859 
3 0.301667 0.449219 0.420898 0.0400391 0.0761719 
3 0.295713 0.633545 0.400879 0.0297852 0.0595703 
