0 0.937791 0.883545 0.466797 0.0854492 0.388672 
0 0.928342 0.520996 0.454102 0.0615234 0.234375 
0 0.886664 0.820068 0.480957 0.108887 0.44043 
0 0.853865 0.979004 0.480469 0.0410156 0.34375 
0 0.796464 0.487549 0.451172 0.0444336 0.242188 
0 0.734469 0.129639 0.448242 0.0405273 0.236328 
9 0.653423 0.680664 0.524902 0.0507812 0.12207 
0 0.614796 0.70874 0.461914 0.0776367 0.259766 
0 0.937791 0.883545 0.466797 0.0854492 0.388672 
0 0.928342 0.520996 0.454102 0.0615234 0.234375 
0 0.886664 0.820068 0.480957 0.108887 0.44043 
0 0.853865 0.979004 0.480469 0.0410156 0.34375 
0 0.796464 0.487549 0.451172 0.0444336 0.242188 
0 0.734469 0.129639 0.448242 0.0405273 0.236328 
9 0.653423 0.680664 0.524902 0.0507812 0.12207 
0 0.614796 0.70874 0.461914 0.0776367 0.259766 
