0 0.924632 0.240967 0.48584 0.0854492 0.334961 
3 0.894804 0.919189 0.413086 0.111816 0.0800781 
0 0.889481 0.166504 0.512207 0.114258 0.37793 
0 0.784089 0.39624 0.505859 0.0737305 0.435547 
0 0.708946 0.782715 0.397949 0.0253906 0.12793 
0 0.535674 0.743896 0.401367 0.027832 0.144531 
0 0.476275 0.719482 0.399902 0.0219727 0.12793 
3 0.449603 0.554688 0.422363 0.0205078 0.0380859 
0 0.421904 0.758545 0.390137 0.0258789 0.125977 
9 0.418956 0.694336 0.44043 0.0556641 0.0839844 
3 0.32801 0.520264 0.419922 0.0170898 0.0292969 
