0 0.942468 0.727783 0.430176 0.0551758 0.297852 
0 0.933749 0.682861 0.450195 0.074707 0.314453 
0 0.917557 0.638428 0.456543 0.0561523 0.290039 
0 0.914833 0.793457 0.453125 0.0869141 0.5 
0 0.865807 0.583496 0.459961 0.0556641 0.255859 
0 0.811909 0.865967 0.430664 0.097168 0.554688 
0 0.768025 0.909424 0.422852 0.0483398 0.330078 
0 0.692752 0.400879 0.42041 0.0214844 0.0908203 
0 0.560474 0.524414 0.419922 0.0146484 0.0605469 
0 0.351584 0.536377 0.425781 0.0180664 0.0761719 
0 0.258868 0.370117 0.415039 0.0126953 0.0664062 
