3 0.932221 0.12793 0.434082 0.125977 0.15332 
3 0.922187 0.550537 0.419434 0.0512695 0.0830078 
3 0.779712 0.51709 0.418945 0.0371094 0.0644531 
3 0.764273 0.470215 0.419434 0.0458984 0.0732422 
3 0.743712 0.445557 0.414551 0.0297852 0.0498047 
0 0.702563 0.66333 0.426758 0.0219727 0.09375 
0 0.522315 0.690186 0.424805 0.0200195 0.0996094 
6 0.506634 0.314941 0.368652 0.0761719 0.188477 
0 0.459468 0.683105 0.425293 0.0214844 0.0986328 
3 0.412619 0.433105 0.40918 0.0283203 0.0449219 
3 0.293575 0.495605 0.413086 0.0224609 0.0488281 
