3 0.920301 0.662354 0.433594 0.104004 0.15625 
0 0.827781 0.0407715 0.398926 0.0209961 0.112305 
0 0.817617 0.0800781 0.392578 0.0214844 0.123047 
0 0.79194 0.199707 0.399414 0.0175781 0.0839844 
0 0.765426 0.23999 0.398438 0.0200195 0.0976562 
0 0.695811 0.118652 0.398438 0.0205078 0.0859375 
0 0.689098 0.00952148 0.392578 0.0170898 0.109375 
0 0.648001 0.273438 0.401367 0.0195312 0.09375 
0 0.646093 0.160645 0.396484 0.0185547 0.0800781 
0 0.579399 0.060791 0.394531 0.0229492 0.117188 
0 0.578978 0.256104 0.400879 0.0180664 0.0869141 
0 0.56094 0.148682 0.39502 0.0219727 0.0947266 
0 0.560318 0.13208 0.394531 0.0200195 0.0878906 
3 0.559476 0.616211 0.400391 0.0263672 0.0332031 
3 0.532713 0.471924 0.412598 0.0288086 0.0380859 
0 0.514356 0.941895 0.385254 0.0214844 0.0908203 
0 0.485151 0.0732422 0.129883 0.0214844 0.0742188 
0 0.470683 0.349365 0.398438 0.0180664 0.0742188 
0 0.461417 0.936035 0.384766 0.0175781 0.0839844 
0 0.452874 0.318848 0.400879 0.0224609 0.100586 
0 0.401958 0.335938 0.399902 0.0175781 0.0908203 
0 0.371543 0.306396 0.397949 0.0180664 0.0791016 
0 0.315278 0.38208 0.393066 0.0170898 0.0615234 
0 0.283149 0.0678711 0.395508 0.0244141 0.119141 
0 0.259805 0.29126 0.398926 0.019043 0.0947266 
