3 0.962354 0.524658 0.494141 0.160645 0.152344 
3 0.942758 0.85791 0.588867 0.283203 0.681641 
7 0.706141 0.208252 0.421875 0.0795898 0.183594 
0 0.688106 0.378662 0.462402 0.0141602 0.0791016 
3 0.575575 0.290771 0.459961 0.0170898 0.0253906 
0 0.537445 0.369629 0.461914 0.0166016 0.0800781 
2 0.466602 0.424561 0.464844 0.0268555 0.0996094 
3 0.447165 0.347656 0.458984 0.0390625 0.0546875 
9 0.437603 0.426025 0.490234 0.0307617 0.078125 
9 0.416957 0.710205 0.490234 0.0180664 0.0703125 
3 0.410134 0.272461 0.459473 0.0166016 0.0224609 
3 0.295679 0.260254 0.464355 0.015625 0.0244141 
3 0.293342 0.197266 0.482422 0.0449219 0.0546875 
