3 0.951006 0.137695 0.461914 0.268555 0.291016 
3 0.938101 0.527344 0.432129 0.0927734 0.147461 
3 0.911198 0.630127 0.406738 0.0668945 0.0888672 
3 0.883859 0.384033 0.406738 0.0571289 0.120117 
3 0.756698 0.310303 0.399902 0.13623 0.239258 
3 0.737655 0.451172 0.387695 0.0292969 0.0527344 
3 0.71263 0.586182 0.395996 0.0317383 0.0498047 
0 0.652591 0.277588 0.42041 0.043457 0.211914 
3 0.643914 0.411621 0.399902 0.0332031 0.0712891 
3 0.333215 0.605469 0.399902 0.0273438 0.0595703 
0 0.316647 0.190674 0.32666 0.0170898 0.0419922 
0 0.305743 0.881592 0.371094 0.0200195 0.0957031 
