9 0.788813 0.33252 0.448242 0.0546875 0.0703125 
0 0.780574 0.204834 0.431641 0.0551758 0.179688 
2 0.712345 0.329346 0.42334 0.0288086 0.100586 
0 0.607116 0.140381 0.429199 0.043457 0.165039 
9 0.603251 0.135742 0.450684 0.0664062 0.12207 
0 0.53157 0.374023 0.422363 0.0195312 0.0947266 
3 0.517031 0.681396 0.400391 0.0268555 0.0371094 
3 0.435164 0.695557 0.396973 0.027832 0.0361328 
3 0.429697 0.648682 0.404785 0.0356445 0.0478516 
0 0.42788 0.59668 0.416016 0.0205078 0.101562 
0 0.416353 0.930908 0.380859 0.0180664 0.078125 
8 0.398404 0.0507812 0.442383 0.0566406 0.0898438 
0 0.379181 0.0102539 0.42627 0.0205078 0.12207 
0 0.325517 0.49585 0.418457 0.0239258 0.0947266 
2 0.303721 0.803223 0.396484 0.0185547 0.0625 
0 0.26612 0.162109 0.429199 0.0332031 0.129883 
9 0.256753 0.801514 0.41748 0.0229492 0.0439453 
0 0.250748 0.947266 0.383789 0.0195312 0.0703125 
9 0.788813 0.33252 0.448242 0.0546875 0.0703125 
0 0.780574 0.204834 0.431641 0.0551758 0.179688 
2 0.712345 0.329346 0.42334 0.0288086 0.100586 
0 0.607116 0.140381 0.429199 0.043457 0.165039 
9 0.603251 0.135742 0.450684 0.0664062 0.12207 
0 0.53157 0.374023 0.422363 0.0195312 0.0947266 
3 0.517031 0.681396 0.400391 0.0268555 0.0371094 
3 0.435164 0.695557 0.396973 0.027832 0.0361328 
3 0.429697 0.648682 0.404785 0.0356445 0.0478516 
0 0.42788 0.59668 0.416016 0.0205078 0.101562 
0 0.416353 0.930908 0.380859 0.0180664 0.078125 
8 0.398404 0.0507812 0.442383 0.0566406 0.0898438 
0 0.379181 0.0102539 0.42627 0.0205078 0.12207 
0 0.325517 0.49585 0.418457 0.0239258 0.0947266 
2 0.303721 0.803223 0.396484 0.0185547 0.0625 
0 0.26612 0.162109 0.429199 0.0332031 0.129883 
9 0.256753 0.801514 0.41748 0.0229492 0.0439453 
0 0.250748 0.947266 0.383789 0.0195312 0.0703125 
