3 0.953407 0.892578 0.416016 0.160156 0.167969 
0 0.926035 0.473633 0.450684 0.0761719 0.364258 
0 0.846534 0.322021 0.413086 0.0239258 0.113281 
0 0.843599 0.734619 0.47168 0.127441 0.421875 
0 0.71872 0.366211 0.414062 0.0185547 0.0722656 
0 0.693976 0.223877 0.418457 0.0219727 0.0986328 
0 0.580843 0.644775 0.397461 0.0249023 0.0996094 
0 0.557642 0.298584 0.41748 0.0200195 0.118164 
2 0.437243 0.264404 0.424316 0.0170898 0.0849609 
9 0.392247 0.0529785 0.469238 0.0795898 0.0927734 
0 0.322868 0.818604 0.387695 0.0180664 0.0644531 
0 0.299983 0.44458 0.401367 0.0170898 0.0546875 
2 0.289239 0.0717773 0.41748 0.0458984 0.15918 
2 0.288153 0.0563965 0.418457 0.0444336 0.155273 
0 0.283238 0.547852 0.384277 0.0166016 0.0595703 
0 0.272946 0.0717773 0.408203 0.0478516 0.160156 
9 0.252265 0.0751953 0.463379 0.107422 0.0869141 
0 0.250012 0.26709 0.428223 0.0205078 0.0869141 
