3 0.93864 0.871094 0.535645 0.258789 0.334961 
3 0.867179 0.679932 0.455078 0.0844727 0.175781 
3 0.814482 0.522461 0.414062 0.0732422 0.0566406 
3 0.805045 0.748047 0.478027 0.15332 0.235352 
0 0.80447 0.417725 0.429688 0.0405273 0.166016 
3 0.803196 0.615967 0.434082 0.0551758 0.0771484 
3 0.777081 0.642822 0.458984 0.0415039 0.113281 
3 0.734843 0.225342 0.422363 0.065918 0.0791016 
3 0.716146 0.960693 0.666016 0.0776367 0.484375 
0 0.645607 0.455566 0.442871 0.0322266 0.188477 
3 0.530271 0.294189 0.446289 0.154785 0.105469 
3 0.359718 0.489014 0.417969 0.0268555 0.046875 
3 0.344595 0.480713 0.421875 0.0209961 0.0371094 
