3 0.933977 0.147949 0.46582 0.276367 0.847656 
3 0.914459 0.95874 0.429199 0.0825195 0.147461 
3 0.895675 0.694336 0.396973 0.0302734 0.0458984 
0 0.673482 0.880859 0.39502 0.0117188 0.0634766 
3 0.643433 0.616943 0.392578 0.0268555 0.0292969 
3 0.62428 0.753418 0.398926 0.0371094 0.0439453 
0 0.574151 0.902588 0.393555 0.0112305 0.0683594 
3 0.440506 0.64502 0.387207 0.0214844 0.0244141 
0 0.434702 0.441406 0.395996 0.0117188 0.0478516 
3 0.423107 0.633789 0.389648 0.0224609 0.0273438 
0 0.387373 0.563721 0.394043 0.0112305 0.0595703 
3 0.304302 0.302734 0.40332 0.0429688 0.0507812 
