0 0.908921 0.321777 0.465332 0.0429688 0.186523 
0 0.891946 0.637939 0.45752 0.0600586 0.282227 
0 0.890534 0.924316 0.433105 0.0673828 0.286133 
0 0.851122 0.383301 0.442871 0.0439453 0.202148 
9 0.807791 0.251221 0.594727 0.112793 0.292969 
0 0.798212 0.766602 0.448242 0.0478516 0.236328 
0 0.777624 0.718262 0.451172 0.0664062 0.318359 
0 0.740066 0.508057 0.430176 0.0493164 0.229492 
0 0.738487 0.452637 0.427734 0.0332031 0.150391 
0 0.733139 0.129395 0.455566 0.0224609 0.135742 
0 0.723085 0.285156 0.45752 0.0400391 0.194336 
0 0.65834 0.567627 0.445312 0.0375977 0.214844 
0 0.656418 0.458008 0.432129 0.0283203 0.118164 
0 0.65467 0.538818 0.441406 0.0610352 0.226562 
0 0.640147 0.0539551 0.450684 0.0307617 0.194336 
3 0.602096 0.694092 0.412109 0.0375977 0.0546875 
0 0.583268 0.824219 0.432129 0.0507812 0.24707 
0 0.549463 0.89624 0.395508 0.0151367 0.0683594 
9 0.46762 0.880127 0.426758 0.0317383 0.0625 
0 0.459433 0.613525 0.460449 0.0561523 0.237305 
0 0.386762 0.983154 0.424805 0.0327148 0.208984 
0 0.361076 0.192139 0.445801 0.0258789 0.110352 
0 0.32216 0.86792 0.400879 0.0151367 0.0615234 
0 0.31498 0.962891 0.402344 0.0253906 0.107422 
0 0.310777 0.220947 0.430664 0.0200195 0.113281 
0 0.295992 0.980957 0.451172 0.0380859 0.328125 
9 0.283933 0.868896 0.42334 0.0209961 0.0654297 
0 0.279885 0.0666504 0.450684 0.027832 0.172852 
0 0.272307 0.851318 0.402832 0.0170898 0.0615234 
