3 0.950442 0.48584 0.449219 0.110352 0.164062 
0 0.800499 0.700195 0.427734 0.0478516 0.222656 
3 0.794589 0.377441 0.396484 0.0371094 0.0566406 
0 0.782811 0.632568 0.414551 0.027832 0.141602 
0 0.680197 0.671631 0.416504 0.0336914 0.151367 
10 0.616565 0.0412598 0.457031 0.0893555 0.142578 
0 0.593137 0.652344 0.416016 0.0244141 0.125 
9 0.540256 0.0861816 0.45752 0.0913086 0.124023 
0 0.530189 0.673828 0.420898 0.0205078 0.128906 
0 0.48641 0.664062 0.421387 0.0253906 0.116211 
9 0.47906 0.142822 0.449707 0.0708008 0.124023 
10 0.40179 0.135254 0.447266 0.0732422 0.115234 
10 0.37777 0.0852051 0.45166 0.159668 0.141602 
9 0.329764 0.305176 0.413574 0.0283203 0.0556641 
0 0.296925 0.540771 0.396484 0.0131836 0.0429688 
9 0.279706 0.0249023 0.464844 0.0478516 0.160156 
0 0.264608 0.338867 0.399902 0.0107422 0.0615234 
0 0.253235 0.571045 0.396484 0.012207 0.046875 
3 0.950442 0.48584 0.449219 0.110352 0.164062 
0 0.800499 0.700195 0.427734 0.0478516 0.222656 
3 0.794589 0.377441 0.396484 0.0371094 0.0566406 
0 0.782811 0.632568 0.414551 0.027832 0.141602 
0 0.680197 0.671631 0.416504 0.0336914 0.151367 
10 0.616565 0.0412598 0.457031 0.0893555 0.142578 
0 0.593137 0.652344 0.416016 0.0244141 0.125 
9 0.540256 0.0861816 0.45752 0.0913086 0.124023 
0 0.530189 0.673828 0.420898 0.0205078 0.128906 
0 0.48641 0.664062 0.421387 0.0253906 0.116211 
9 0.47906 0.142822 0.449707 0.0708008 0.124023 
10 0.40179 0.135254 0.447266 0.0732422 0.115234 
10 0.37777 0.0852051 0.45166 0.159668 0.141602 
9 0.329764 0.305176 0.413574 0.0283203 0.0556641 
0 0.296925 0.540771 0.396484 0.0131836 0.0429688 
9 0.279706 0.0249023 0.464844 0.0478516 0.160156 
0 0.264608 0.338867 0.399902 0.0107422 0.0615234 
0 0.253235 0.571045 0.396484 0.012207 0.046875 
