3 0.917413 0.415039 0.382324 0.03125 0.0537109 
8 0.78902 0.358398 0.416992 0.0253906 0.0683594 
2 0.643892 0.358398 0.393066 0.0244141 0.0810547 
0 0.59016 0.0266113 0.361816 0.0161133 0.0634766 
1 0.324564 0.306396 0.358887 0.0219727 0.0380859 
0 0.321167 0.212158 0.365723 0.012207 0.0419922 
3 0.917413 0.415039 0.382324 0.03125 0.0537109 
8 0.78902 0.358398 0.416992 0.0253906 0.0683594 
2 0.643892 0.358398 0.393066 0.0244141 0.0810547 
0 0.59016 0.0266113 0.361816 0.0161133 0.0634766 
1 0.324564 0.306396 0.358887 0.0219727 0.0380859 
0 0.321167 0.212158 0.365723 0.012207 0.0419922 
