3 0.9527 0.552246 0.431152 0.0820312 0.125977 
3 0.937164 0.713379 0.427734 0.119141 0.189453 
3 0.900397 0.496338 0.413574 0.0600586 0.0966797 
0 0.841567 0.856934 0.398438 0.0302734 0.177734 
0 0.822063 0.887939 0.397461 0.0327148 0.181641 
3 0.705001 0.413574 0.415039 0.0605469 0.0722656 
0 0.563783 0.829346 0.38623 0.0141602 0.0791016 
0 0.537215 0.260986 0.412109 0.0239258 0.105469 
3 0.499173 0.291748 0.427246 0.034668 0.0478516 
0 0.485979 0.824463 0.383301 0.0161133 0.0732422 
3 0.400578 0.785645 0.384766 0.0390625 0.0507812 
