3 0.87655 0.66626 0.400391 0.0698242 0.111328 
3 0.8523 0.598633 0.413086 0.106445 0.0957031 
3 0.743502 0.183594 0.414062 0.0283203 0.0507812 
3 0.677324 0.476318 0.408203 0.0688477 0.0703125 
9 0.631621 0.359375 0.473145 0.0556641 0.174805 
3 0.569719 0.223145 0.418945 0.0869141 0.0742188 
3 0.502342 0.0493164 0.401367 0.0996094 0.283203 
9 0.481879 0.257324 0.460938 0.0810547 0.125 
0 0.456142 0.335449 0.386719 0.0214844 0.0859375 
0 0.420808 0.101807 0.563965 0.147949 0.49707 
3 0.335749 0.294922 0.405762 0.0488281 0.0712891 
3 0.320749 0.553955 0.419434 0.0444336 0.0751953 
9 0.316985 0.381104 0.470703 0.0493164 0.146484 
10 0.313552 0.255615 0.462891 0.0737305 0.138672 
3 0.290554 0.191406 0.416504 0.0341797 0.0556641 
3 0.259127 0.258545 0.398926 0.0610352 0.0576172 
3 0.257431 0.30249 0.401367 0.034668 0.0488281 
