0 0.941439 0.388916 0.492676 0.0737305 0.331055 
0 0.932136 0.446777 0.483887 0.0673828 0.352539 
0 0.923262 0.535889 0.482422 0.0522461 0.324219 
9 0.916534 0.942383 0.586914 0.124023 0.291016 
2 0.915811 0.78833 0.470703 0.0786133 0.275391 
9 0.891065 0.789062 0.558594 0.0839844 0.171875 
0 0.886001 0.102051 0.447754 0.0322266 0.15332 
0 0.878922 0.648926 0.489258 0.0908203 0.367188 
0 0.868472 0.744385 0.464844 0.0483398 0.267578 
0 0.839291 0.229248 0.450684 0.0366211 0.151367 
0 0.769145 0.582031 0.462402 0.0644531 0.364258 
2 0.753952 0.942383 0.412109 0.104492 0.523438 
0 0.749329 0.167725 0.458984 0.0258789 0.126953 
0 0.71205 0.305908 0.444336 0.0366211 0.142578 
0 0.569145 0.610352 0.466309 0.0527344 0.305664 
0 0.508422 0.539551 0.358398 0.015625 0.046875 
0 0.503585 0.66626 0.505371 0.0708008 0.334961 
3 0.354244 0.357422 0.402832 0.09375 0.170898 
3 0.332712 0.255371 0.327637 0.0693359 0.0478516 
