0 0.956364 0.164307 0.471191 0.0678711 0.297852 
0 0.93663 0.228271 0.48584 0.0825195 0.393555 
0 0.928343 0.393555 0.480957 0.0917969 0.418945 
0 0.895067 0.704346 0.478027 0.0786133 0.338867 
9 0.860387 0.0825195 0.547363 0.0693359 0.243164 
0 0.825609 0.33667 0.513184 0.0942383 0.405273 
0 0.824808 0.839111 0.487305 0.0932617 0.322266 
0 0.799002 0.608643 0.528809 0.0551758 0.274414 
0 0.772368 0.0742188 0.451172 0.0605469 0.345703 
0 0.638176 0.560791 0.483398 0.0668945 0.386719 
0 0.582897 0.26416 0.481934 0.0302734 0.161133 
0 0.542553 0.128662 0.48877 0.050293 0.208008 
0 0.463871 0.866211 0.483398 0.0839844 0.3125 
0 0.427915 0.644531 0.476562 0.0742188 0.353516 
0 0.294297 0.633301 0.427734 0.0585938 0.283203 
