3 0.974695 0.682617 0.425781 0.0791016 0.128906 
3 0.970734 0.893066 0.52832 0.211914 0.351562 
0 0.896524 0.73999 0.418457 0.0385742 0.180664 
3 0.86971 0.167969 0.451172 0.0888672 0.146484 
3 0.862301 0.0808105 0.462402 0.155762 0.186523 
3 0.841857 0.638672 0.419434 0.0507812 0.100586 
3 0.809369 0.200684 0.42627 0.12793 0.137695 
3 0.768974 0.617676 0.413086 0.0332031 0.0761719 
3 0.765478 0.258301 0.426758 0.0791016 0.113281 
0 0.742917 0.808105 0.414551 0.0429688 0.174805 
0 0.692771 0.776123 0.423828 0.0268555 0.144531 
3 0.69264 0.352539 0.409668 0.0546875 0.0869141 
3 0.657694 0.322754 0.418457 0.0556641 0.0927734 
3 0.521395 0.599854 0.399902 0.034668 0.0712891 
3 0.484524 0.493164 0.399414 0.0244141 0.0351562 
3 0.473225 0.41333 0.402832 0.050293 0.0654297 
3 0.450162 0.400391 0.401367 0.0585938 0.0742188 
3 0.43826 0.507812 0.399902 0.0449219 0.0380859 
3 0.437102 0.460938 0.401855 0.0263672 0.0380859 
3 0.4201 0.241699 0.423828 0.118164 0.128906 
3 0.387403 0.0175781 0.48584 0.0351562 0.254883 
3 0.340473 0.447754 0.402344 0.0292969 0.0429688 
3 0.335852 0.430908 0.403809 0.0356445 0.0517578 
3 0.297848 0.363037 0.413574 0.0375977 0.0751953 
3 0.254749 0.335449 0.417969 0.0488281 0.0859375 
