3 0.950601 0.48999 0.460938 0.132324 0.181641 
3 0.937081 0.298584 0.42041 0.0688477 0.104492 
9 0.850871 0.834717 0.45752 0.0932617 0.139648 
3 0.698206 0.331543 0.395508 0.03125 0.0546875 
0 0.611982 0.747314 0.411621 0.0180664 0.104492 
9 0.562797 0.918945 0.483398 0.148438 0.169922 
0 0.443323 0.759277 0.410156 0.0244141 0.117188 
9 0.302127 0.955078 0.506836 0.0917969 0.152344 
0 0.287441 0.39917 0.401855 0.0170898 0.0693359 
10 0.269987 0.898682 0.472168 0.132324 0.149414 
0 0.26995 0.681396 0.410156 0.0200195 0.0761719 
