3 0.960908 0.510742 0.424316 0.0390625 0.0615234 
3 0.944475 0.296631 0.475098 0.127441 0.170898 
3 0.91717 0.0805664 0.571777 0.162109 0.424805 
6 0.898535 0.830322 0.296875 0.339355 0.490234 
3 0.894363 0.167725 0.495117 0.152832 0.248047 
5 0.86538 0.552734 0.390625 0.0439453 0.0996094 
3 0.728369 0.563721 0.431152 0.0424805 0.0693359 
3 0.718942 0.45752 0.419434 0.0263672 0.0419922 
3 0.612356 0.431152 0.424316 0.03125 0.0419922 
3 0.446234 0.557129 0.393555 0.0488281 0.107422 
6 0.395014 0.635498 0.365234 0.0766602 0.189453 
3 0.314477 0.444824 0.422363 0.0273438 0.0439453 
3 0.279245 0.412598 0.432617 0.0302734 0.0429688 
3 0.271266 0.356934 0.443359 0.0332031 0.0449219 
3 0.268386 0.401367 0.435547 0.0449219 0.0449219 
5 0.264913 0.635742 0.367676 0.0751953 0.227539 
