3 0.948777 0.552002 0.39209 0.123535 0.124023 
3 0.855792 0.485596 0.366699 0.090332 0.0771484 
3 0.85272 0.894043 0.497559 0.208984 0.334961 
0 0.839699 0.179199 0.378906 0.0341797 0.142578 
0 0.804891 0.291504 0.378906 0.0263672 0.128906 
0 0.675699 0.37207 0.377441 0.03125 0.145508 
0 0.652472 0.238037 0.381836 0.0317383 0.150391 
0 0.621281 0.142822 0.383301 0.0307617 0.12793 
0 0.613676 0.210449 0.378418 0.0283203 0.151367 
0 0.565969 0.268799 0.382812 0.0249023 0.123047 
0 0.405373 0.260498 0.393066 0.0249023 0.104492 
0 0.351167 0.736328 0.366699 0.0205078 0.0869141 
0 0.343364 0.426025 0.371582 0.0161133 0.0615234 
0 0.309565 0.770508 0.356934 0.0136719 0.0830078 
0 0.275124 0.378662 0.378418 0.0229492 0.124023 
0 0.2576 0.0517578 0.373535 0.0195312 0.0908203 
