3 0.91556 0.39209 0.430176 0.117188 0.157227 
2 0.904072 0.430176 0.42627 0.0439453 0.208008 
9 0.821862 0.428711 0.479004 0.0371094 0.133789 
0 0.754599 0.925537 0.427734 0.0454102 0.232422 
0 0.738793 0.823486 0.433105 0.0551758 0.28418 
0 0.720637 0.29834 0.426758 0.0410156 0.166016 
0 0.708085 0.800781 0.433594 0.0400391 0.238281 
2 0.688146 0.465576 0.421875 0.0317383 0.148438 
0 0.679929 0.896484 0.466309 0.0380859 0.133789 
3 0.678313 0.0654297 0.505859 0.129883 0.416016 
3 0.600796 0.318848 0.430176 0.0625 0.118164 
9 0.595746 0.224365 0.478027 0.0922852 0.157227 
0 0.452288 0.914062 0.425293 0.0371094 0.198242 
9 0.435478 0.466553 0.462891 0.019043 0.109375 
3 0.421687 0.114746 0.494141 0.168945 0.300781 
0 0.3931 0.573242 0.399414 0.0146484 0.0683594 
0 0.387621 0.599365 0.399902 0.0180664 0.0830078 
0 0.357387 0.619385 0.400879 0.0239258 0.100586 
8 0.356213 0.213867 0.481934 0.0878906 0.155273 
0 0.314879 0.585449 0.399414 0.0195312 0.0742188 
0 0.311192 0.679199 0.411133 0.0185547 0.0976562 
0 0.286125 0.71167 0.421387 0.0219727 0.0888672 
