3 0.962988 0.241211 0.44873 0.109375 0.133789 
3 0.939695 0.317871 0.420898 0.0703125 0.105469 
3 0.934349 0.628662 0.44043 0.108887 0.166016 
3 0.898456 0.0446777 0.534668 0.0883789 0.366211 
3 0.807307 0.571533 0.431641 0.0551758 0.117188 
3 0.802813 0.367188 0.412598 0.0400391 0.0537109 
9 0.660732 0.505859 0.446777 0.0175781 0.0732422 
3 0.607263 0.460693 0.402832 0.0297852 0.0361328 
2 0.601796 0.504883 0.414062 0.0263672 0.109375 
3 0.549847 0.383789 0.40918 0.0273438 0.0488281 
3 0.387859 0.551514 0.424316 0.0336914 0.0966797 
0 0.384711 0.669189 0.416016 0.0288086 0.150391 
1 0.339178 0.416992 0.398926 0.0166016 0.0361328 
3 0.323932 0.350586 0.420898 0.0283203 0.0644531 
3 0.272547 0.919922 0.398926 0.157227 0.188477 
3 0.266953 0.525635 0.413086 0.0317383 0.0644531 
