3 0.931812 0.472412 0.44043 0.131348 0.191406 
0 0.775808 0.659912 0.395996 0.0249023 0.110352 
0 0.691967 0.223145 0.38916 0.0273438 0.139648 
0 0.676888 0.686035 0.395996 0.0244141 0.112305 
0 0.652662 0.64917 0.392578 0.0297852 0.123047 
0 0.617535 0.637207 0.392578 0.0283203 0.117188 
9 0.588091 0.94043 0.467773 0.117188 0.21875 
0 0.58251 0.244141 0.389648 0.0253906 0.140625 
9 0.571173 0.75708 0.447754 0.0317383 0.0771484 
0 0.545287 0.748047 0.416504 0.0410156 0.18457 
0 0.466071 0.235107 0.389648 0.0336914 0.146484 
10 0.442362 0.939941 0.466309 0.116211 0.249023 
0 0.429301 0.603516 0.398438 0.0195312 0.0957031 
