0 0.904652 0.18335 0.396484 0.0327148 0.167969 
0 0.879353 0.27417 0.446777 0.140137 0.522461 
3 0.867647 0.475098 0.391113 0.0439453 0.0791016 
3 0.833098 0.441162 0.395996 0.059082 0.12207 
0 0.80489 0.057373 0.435059 0.0874023 0.395508 
0 0.804204 0.87915 0.480957 0.128418 0.647461 
0 0.775169 0.606689 0.504395 0.179199 0.571289 
0 0.738219 0.783936 0.369141 0.0209961 0.107422 
0 0.738196 0.726318 0.365723 0.0297852 0.157227 
3 0.678972 0.537842 0.380859 0.0444336 0.0585938 
0 0.676278 0.388428 0.481445 0.0795898 0.447266 
0 0.66897 0.13623 0.393555 0.0302734 0.15625 
3 0.641659 0.387207 0.394043 0.111328 0.145508 
2 0.634125 0.826172 0.385742 0.0576172 0.267578 
0 0.633675 0.942871 0.372559 0.0380859 0.161133 
0 0.573181 0.354736 0.44873 0.0737305 0.387695 
0 0.562977 0.980225 0.371582 0.0395508 0.231445 
9 0.521457 0.822266 0.474609 0.0927734 0.214844 
3 0.431174 0.550049 0.370117 0.065918 0.0742188 
0 0.423831 0.664062 0.38623 0.0195312 0.0693359 
0 0.410749 0.743652 0.367188 0.0292969 0.142578 
0 0.403084 0.632812 0.955078 0.0527344 0.0878906 
3 0.358214 0.495361 0.382324 0.0239258 0.0537109 
0 0.324003 0.69165 0.367188 0.0151367 0.0742188 
2 0.295636 0.731689 0.371094 0.0375977 0.146484 
0 0.280981 0.142822 0.383301 0.0229492 0.149414 
0 0.269893 0.68042 0.367188 0.0170898 0.0703125 
3 0.253674 0.506592 0.381836 0.0249023 0.0410156 
