3 0.947202 0.519531 0.428223 0.108398 0.174805 
3 0.889176 0.833984 0.45752 0.25293 0.219727 
3 0.866861 0.909668 0.562012 0.183594 0.360352 
3 0.837129 0.669922 0.430176 0.100586 0.147461 
2 0.834281 0.605957 0.421387 0.0507812 0.254883 
3 0.829757 0.0578613 0.474609 0.115723 0.222656 
9 0.815064 0.606934 0.481445 0.0341797 0.158203 
3 0.81019 0.288818 0.423828 0.0473633 0.0898438 
3 0.747847 0.744385 0.441406 0.17041 0.175781 
3 0.685175 0.0244141 0.507812 0.0488281 0.253906 
3 0.675091 0.224854 0.444336 0.103027 0.130859 
3 0.643988 0.121582 0.461914 0.147461 0.185547 
3 0.519361 0.266113 0.429199 0.0751953 0.110352 
3 0.493099 0.460449 0.384766 0.0322266 0.0371094 
3 0.435254 0.426514 0.390625 0.0258789 0.0429688 
3 0.424862 0.636475 0.420898 0.0366211 0.101562 
3 0.420025 0.379395 0.400391 0.0341797 0.0507812 
3 0.339081 0.444824 0.389648 0.0273438 0.0332031 
0 0.316651 0.402588 0.396484 0.0170898 0.046875 
3 0.259397 0.636475 0.392578 0.027832 0.0507812 
