3 0.958638 0.519775 0.444336 0.122559 0.189453 
0 0.859605 0.82373 0.355957 0.0302734 0.129883 
2 0.791046 0.637451 0.396973 0.0229492 0.108398 
0 0.743239 0.854736 0.363281 0.0307617 0.125 
9 0.717233 0.964355 0.579102 0.0664062 0.320312 
2 0.704267 0.643799 0.396973 0.0307617 0.135742 
2 0.677599 0.970947 0.414551 0.0561523 0.504883 
0 0.641463 0.616699 0.396973 0.0224609 0.114258 
0 0.447192 0.581299 0.396484 0.0170898 0.0722656 
9 0.388702 0.649414 0.438965 0.0263672 0.0986328 
0 0.36318 0.695312 0.368164 0.0175781 0.0410156 
0 0.286596 0.575928 0.390625 0.0170898 0.0625 
9 0.251424 0.633789 0.425293 0.0234375 0.0849609 
