3 0.965088 0.30127 0.470703 0.15918 0.251953 
0 0.891646 0.599609 0.427734 0.0605469 0.308594 
3 0.722163 0.233398 0.445801 0.0439453 0.137695 
9 0.716664 0.960938 0.507812 0.0742188 0.232422 
0 0.64518 0.652588 0.425781 0.0629883 0.306641 
0 0.598569 0.567139 0.421387 0.0483398 0.280273 
0 0.424134 0.0415039 0.391113 0.0390625 0.147461 
0 0.358641 0.77124 0.445801 0.0229492 0.147461 
0 0.30537 0.371338 0.396484 0.0180664 0.0878906 
3 0.965088 0.30127 0.470703 0.15918 0.251953 
0 0.891646 0.599609 0.427734 0.0605469 0.308594 
3 0.722163 0.233398 0.445801 0.0439453 0.137695 
9 0.716664 0.960938 0.507812 0.0742188 0.232422 
0 0.64518 0.652588 0.425781 0.0629883 0.306641 
0 0.598569 0.567139 0.421387 0.0483398 0.280273 
0 0.424134 0.0415039 0.391113 0.0390625 0.147461 
0 0.358641 0.77124 0.445801 0.0229492 0.147461 
0 0.30537 0.371338 0.396484 0.0180664 0.0878906 
