0 0.903058 0.926514 0.416504 0.0356445 0.182617 
0 0.8512 0.251709 0.401367 0.0307617 0.166016 
0 0.843096 0.399902 0.385254 0.0400391 0.180664 
0 0.825652 0.287354 0.393555 0.0375977 0.189453 
9 0.804662 0.60083 0.445801 0.0375977 0.141602 
2 0.778945 0.601562 0.391602 0.0449219 0.189453 
0 0.732979 0.327148 0.383789 0.0410156 0.214844 
0 0.725627 0.816895 0.41748 0.0458984 0.135742 
5 0.674862 0.526611 0.356445 0.119629 0.181641 
10 0.546829 0.737061 0.412598 0.0864258 0.116211 
0 0.429734 0.36377 0.369629 0.0371094 0.174805 
10 0.373398 0.759277 0.411133 0.105469 0.109375 
0 0.35229 0.353516 0.381836 0.0341797 0.183594 
0 0.294253 0.635986 0.386719 0.0200195 0.0839844 
