0 0.806819 0.445801 0.449219 0.0302734 0.169922 
0 0.7756 0.363525 0.452148 0.0405273 0.191406 
0 0.770171 0.397705 0.458496 0.0385742 0.172852 
0 0.753577 0.689941 0.445312 0.0351562 0.1875 
0 0.740001 0.0671387 0.444824 0.0463867 0.202148 
0 0.725055 0.102051 0.442383 0.0507812 0.207031 
0 0.724871 0.294922 0.447266 0.0566406 0.220703 
0 0.698688 0.452637 0.455078 0.0419922 0.197266 
0 0.672258 0.336426 0.44873 0.0322266 0.180664 
0 0.649716 0.477051 0.453125 0.0498047 0.207031 
0 0.639024 0.551758 0.434082 0.0361328 0.170898 
0 0.608079 0.267578 0.444824 0.0498047 0.21582 
0 0.607358 0.605225 0.444824 0.0415039 0.192383 
0 0.588063 0.636719 0.447266 0.046875 0.183594 
0 0.553928 0.162109 0.446289 0.0351562 0.203125 
0 0.537606 0.254639 0.445801 0.0375977 0.194336 
0 0.522565 0.571045 0.443359 0.0297852 0.175781 
0 0.509249 0.0187988 0.431152 0.0375977 0.22168 
0 0.474129 0.518555 0.43457 0.0332031 0.15625 
0 0.459144 0.225098 0.428223 0.0341797 0.186523 
0 0.449899 0.584717 0.443848 0.0405273 0.174805 
0 0.441929 0.214355 0.42627 0.0341797 0.176758 
0 0.439837 0.509277 0.444336 0.0341797 0.171875 
0 0.425831 0.618652 0.445312 0.0351562 0.195312 
0 0.410429 0.140869 0.449219 0.0473633 0.185547 
0 0.399387 0.494873 0.44873 0.034668 0.178711 
0 0.368866 0.647461 0.447266 0.0429688 0.175781 
0 0.358638 0.351807 0.455078 0.0268555 0.15625 
0 0.33227 0.234375 0.432129 0.0478516 0.202148 
0 0.325946 0.244385 0.442383 0.0444336 0.199219 
0 0.315172 0.415039 0.421387 0.0205078 0.112305 
0 0.30567 0.539307 0.43457 0.0327148 0.171875 
0 0.295896 0.465088 0.458008 0.0405273 0.185547 
0 0.26979 0.0349121 0.430664 0.0336914 0.197266 
0 0.257325 0.192139 0.429199 0.0268555 0.145508 
