3 0.949476 0.724365 0.518555 0.187988 0.230469 
3 0.923263 0.496338 0.478027 0.0668945 0.112305 
3 0.900294 0.589111 0.480469 0.065918 0.0917969 
0 0.879234 0.0458984 0.462402 0.0361328 0.174805 
0 0.824789 0.901123 0.490234 0.0463867 0.240234 
9 0.75511 0.129639 0.504395 0.0864258 0.110352 
0 0.717843 0.0849609 0.474609 0.0244141 0.140625 
3 0.703068 0.641357 0.475586 0.0512695 0.0957031 
3 0.663817 0.540039 0.458008 0.0302734 0.046875 
3 0.623918 0.568359 0.460449 0.03125 0.0654297 
0 0.598963 0.946533 0.496094 0.0610352 0.248047 
3 0.58634 0.621826 0.453613 0.0415039 0.0654297 
3 0.482787 0.398926 0.44873 0.0175781 0.0322266 
2 0.4434 0.976074 0.507324 0.0458984 0.22168 
3 0.407959 0.342041 0.459961 0.0336914 0.0566406 
9 0.407554 0.883789 0.518555 0.0302734 0.126953 
3 0.399482 0.431641 0.447266 0.0205078 0.0292969 
0 0.397686 0.200928 0.480957 0.0249023 0.0947266 
0 0.347387 0.84668 0.493652 0.0361328 0.188477 
3 0.337107 0.414551 0.445801 0.0234375 0.0322266 
9 0.290244 0.204346 0.487305 0.0522461 0.0859375 
9 0.286859 0.287354 0.474609 0.0327148 0.0625 
3 0.284705 0.44165 0.445312 0.019043 0.0253906 
3 0.270361 0.647217 0.462402 0.0424805 0.0693359 
0 0.269398 0.20874 0.483398 0.0405273 0.0878906 
9 0.261462 0.243896 0.480957 0.0209961 0.0830078 
3 0.257782 0.462891 0.445312 0.0185547 0.0273438 
