3 0.95262 0.0410156 0.449707 0.0771484 0.120117 
3 0.945714 0.929688 0.451172 0.139648 0.265625 
3 0.932404 0.839111 0.444824 0.120605 0.166992 
3 0.897941 0.213135 0.427734 0.043457 0.0683594 
3 0.875548 0.182373 0.431152 0.059082 0.0830078 
3 0.874668 0.776367 0.429688 0.102539 0.144531 
3 0.862961 0.149414 0.430664 0.0595703 0.0957031 
3 0.830046 0.556152 0.395508 0.0371094 0.0644531 
3 0.822984 0.474121 0.390625 0.0537109 0.09375 
3 0.802201 0.286865 0.435547 0.0893555 0.136719 
3 0.781168 0.543457 0.405762 0.0498047 0.0732422 
3 0.732141 0.095459 0.435059 0.0834961 0.104492 
3 0.680792 0.64624 0.410156 0.0551758 0.0800781 
3 0.64455 0.716064 0.401367 0.0922852 0.148438 
3 0.637465 0.587402 0.370117 0.0371094 0.0683594 
3 0.404992 0.585449 0.377441 0.0322266 0.0478516 
3 0.395904 0.637695 0.398926 0.0507812 0.0732422 
3 0.388433 0.616455 0.363281 0.0249023 0.0410156 
3 0.356066 0.486572 0.395508 0.034668 0.0839844 
0 0.336002 0.661865 0.362793 0.0151367 0.0419922 
3 0.269992 0.632568 0.365234 0.0288086 0.0332031 
