3 0.954256 0.560547 0.424805 0.102539 0.175781 
3 0.950074 0.760742 0.43457 0.110352 0.173828 
3 0.938386 0.0666504 0.456543 0.129395 0.297852 
3 0.931763 0.157471 0.455078 0.13916 0.169922 
3 0.916082 0.323975 0.428223 0.181152 0.317383 
3 0.90212 0.953613 0.547852 0.09375 0.453125 
3 0.876015 0.679443 0.426758 0.0688477 0.117188 
3 0.848516 0.902344 0.410156 0.118164 0.0917969 
0 0.761076 0.644287 0.416504 0.0268555 0.124023 
3 0.699096 0.431641 0.416992 0.0263672 0.0566406 
3 0.695095 0.410645 0.42041 0.0361328 0.0673828 
3 0.672301 0.701172 0.434082 0.0615234 0.12793 
3 0.614674 0.460693 0.410156 0.0268555 0.0488281 
3 0.614282 0.447021 0.413086 0.0268555 0.0527344 
3 0.540247 0.223877 0.44043 0.0717773 0.130859 
3 0.429467 0.475586 0.408691 0.0244141 0.0419922 
3 0.362321 0.506592 0.402832 0.019043 0.0263672 
3 0.277577 0.618652 0.418945 0.0380859 0.0644531 
