3 0.957094 0.160889 0.462891 0.118652 0.148438 
3 0.949274 0.707764 0.461426 0.11377 0.149414 
3 0.939197 0.839844 0.491211 0.210938 0.289062 
3 0.919338 0.618408 0.42627 0.0532227 0.110352 
3 0.846328 0.939453 0.557617 0.118164 0.414062 
3 0.810294 0.314941 0.395508 0.0976562 0.138672 
3 0.793717 0.385254 0.411133 0.03125 0.0566406 
3 0.775049 0.252441 0.444336 0.0673828 0.101562 
3 0.721679 0.604004 0.397461 0.0546875 0.0917969 
3 0.714535 0.368652 0.414062 0.0283203 0.0625 
0 0.674394 0.909912 0.341309 0.0483398 0.145508 
3 0.622191 0.664551 0.439941 0.0898438 0.131836 
3 0.621586 0.0632324 0.417969 0.120605 0.359375 
0 0.605918 0.877197 0.325195 0.027832 0.103516 
3 0.581919 0.211426 0.442871 0.0634766 0.108398 
0 0.572336 0.77002 0.382324 0.0263672 0.0947266 
3 0.497693 0.293213 0.432617 0.0541992 0.0898438 
0 0.483886 0.692383 0.371582 0.0175781 0.0400391 
3 0.480251 0.413574 0.408691 0.0224609 0.0361328 
0 0.410853 0.9646 0.362793 0.0307617 0.0810547 
0 0.381347 0.71582 0.377441 0.015625 0.0380859 
0 0.377928 0.760498 0.385254 0.0219727 0.0791016 
3 0.346304 0.303223 0.416016 0.0751953 0.119141 
3 0.305826 0.60376 0.413086 0.0385742 0.0878906 
0 0.288249 0.961182 0.390137 0.0366211 0.124023 
