0 0.907408 0.381348 0.431641 0.0410156 0.216797 
3 0.896873 0.526611 0.441895 0.0961914 0.137695 
3 0.834404 0.572754 0.407715 0.0644531 0.0888672 
0 0.810517 0.864746 0.422852 0.0429688 0.183594 
9 0.686642 0.318848 0.474121 0.108398 0.176758 
0 0.660897 0.325439 0.411133 0.059082 0.275391 
0 0.456987 0.790039 0.414551 0.03125 0.135742 
0 0.452439 0.769531 0.430664 0.0244141 0.107422 
0 0.30601 0.277832 0.39209 0.0322266 0.19043 
0 0.289597 0.287109 0.398438 0.0439453 0.21875 
0 0.28482 0.340088 0.397949 0.043457 0.213867 
