3 0.965393 0.899658 0.58252 0.197754 0.581055 
3 0.877396 0.178955 0.430664 0.043457 0.0683594 
0 0.777503 0.7229 0.445801 0.0463867 0.245117 
0 0.772934 0.809082 0.424316 0.0429688 0.202148 
0 0.743941 0.347656 0.479004 0.113281 0.387695 
0 0.655607 0.0883789 0.509277 0.078125 0.463867 
0 0.645976 0.626221 0.462402 0.0698242 0.34082 
3 0.626255 0.029541 0.451172 0.0454102 0.0742188 
0 0.600195 0.227539 0.427246 0.0126953 0.0576172 
7 0.530618 0.271729 0.40625 0.0629883 0.126953 
3 0.484815 0.113037 0.451172 0.043457 0.0664062 
