0 0.927863 0.780029 0.454102 0.0874023 0.46875 
0 0.916498 0.453369 0.470215 0.0834961 0.348633 
0 0.903185 0.604004 0.419922 0.0283203 0.148438 
3 0.839646 0.170654 0.420898 0.059082 0.0703125 
2 0.513773 0.451416 0.457031 0.0834961 0.339844 
0 0.505443 0.496826 0.416504 0.0151367 0.0712891 
3 0.505346 0.381836 0.421387 0.0693359 0.0556641 
0 0.498574 0.6604 0.444336 0.0629883 0.382812 
9 0.495826 0.457764 0.541016 0.0756836 0.228516 
0 0.488903 0.351074 0.401367 0.015625 0.0507812 
0 0.487198 0.55127 0.418945 0.0253906 0.09375 
0 0.44277 0.529053 0.419434 0.019043 0.0712891 
5 0.420682 0.239014 0.375977 0.0932617 0.246094 
0 0.403359 0.537598 0.419434 0.0214844 0.0791016 
0 0.39394 0.319092 0.399902 0.0170898 0.0771484 
3 0.334009 0.239258 0.373047 0.0996094 0.226562 
