3 0.951801 0.54834 0.464355 0.131836 0.186523 
3 0.950332 0.179688 0.479492 0.151367 0.208984 
0 0.888872 0.677734 0.432129 0.0390625 0.204102 
3 0.869045 0.307617 0.419434 0.0585938 0.0986328 
3 0.858709 0.267334 0.447754 0.0756836 0.12793 
3 0.834816 0.242676 0.461914 0.0664062 0.140625 
3 0.751785 0.461426 0.429199 0.0449219 0.0732422 
3 0.736903 0.337402 0.423828 0.0263672 0.0585938 
3 0.629728 0.414307 0.411133 0.0258789 0.03125 
3 0.569166 0.476074 0.446289 0.0322266 0.0917969 
3 0.551567 0.490967 0.445801 0.0424805 0.106445 
3 0.471817 0.366943 0.411133 0.0317383 0.03125 
3 0.443974 0.445068 0.424805 0.0317383 0.0605469 
3 0.400318 0.352051 0.416016 0.0273438 0.0410156 
3 0.3061 0.429932 0.41748 0.0219727 0.0400391 
