3 0.948037 0.200195 0.456055 0.157227 0.246094 
3 0.934456 0.405273 0.422363 0.128906 0.225586 
3 0.930172 0.081543 0.574219 0.166992 0.595703 
3 0.875522 0.46582 0.394043 0.0488281 0.108398 
9 0.836212 0.583252 0.417969 0.0249023 0.0996094 
5 0.617705 0.236572 0.314941 0.131348 0.264648 
2 0.594559 0.581787 0.385254 0.0288086 0.141602 
0 0.372259 0.873291 0.384277 0.0405273 0.172852 
3 0.371718 0.334473 0.380859 0.0351562 0.0390625 
0 0.325726 0.807129 0.397461 0.0263672 0.130859 
0 0.294239 0.94458 0.415039 0.0161133 0.0742188 
3 0.289222 0.252197 0.416016 0.0864258 0.175781 
2 0.255795 0.823975 0.38916 0.043457 0.157227 
