3 0.922215 0.228027 0.354004 0.0683594 0.118164 
0 0.902542 0.399414 0.392578 0.0654297 0.275391 
0 0.877189 0.806152 0.362305 0.0400391 0.216797 
3 0.811314 0.165039 0.380371 0.123047 0.225586 
0 0.78306 0.60083 0.349121 0.0249023 0.125977 
0 0.676823 0.959473 0.370117 0.0449219 0.203125 
0 0.658669 0.835449 0.37793 0.0410156 0.160156 
0 0.490542 0.983643 0.381836 0.0327148 0.193359 
8 0.484469 0.545898 0.388672 0.0917969 0.121094 
0 0.366445 0.584961 0.353027 0.0214844 0.116211 
0 0.338661 0.103027 0.366699 0.0244141 0.0908203 
0 0.336537 0.351562 0.337402 0.0126953 0.0556641 
0 0.262189 0.410645 0.38623 0.0488281 0.229492 
0 0.25483 0.0090332 0.396973 0.0161133 0.0908203 
