9 0.807005 0.262451 0.503906 0.17041 0.21875 
2 0.777075 0.265625 0.430176 0.0800781 0.291992 
0 0.702938 0.581055 0.434082 0.0595703 0.293945 
0 0.67965 0.0959473 0.390137 0.0209961 0.0908203 
3 0.661684 0.709717 0.392578 0.0454102 0.0566406 
0 0.658173 0.609131 0.443848 0.0483398 0.258789 
3 0.649875 0.633545 0.396973 0.0268555 0.0322266 
0 0.52593 0.880127 0.416016 0.0258789 0.121094 
3 0.509381 0.492432 0.408203 0.0522461 0.0625 
3 0.443964 0.693604 0.390625 0.0493164 0.0488281 
3 0.413946 0.52417 0.401855 0.0356445 0.0439453 
0 0.406732 0.393311 0.410645 0.0170898 0.0771484 
9 0.334663 0.261719 0.461914 0.114258 0.259766 
10 0.333285 0.416016 0.42334 0.0292969 0.0615234 
3 0.311376 0.645996 0.394531 0.0253906 0.0292969 
2 0.297043 0.261719 0.461914 0.114258 0.259766 
3 0.295547 0.729248 0.403809 0.0405273 0.0634766 
3 0.287943 0.461914 0.40918 0.0576172 0.0585938 
0 0.26313 0.131348 0.371094 0.0224609 0.0585938 
