0 0.923783 0.706543 0.45166 0.0595703 0.297852 
0 0.762988 0.605957 0.447754 0.0390625 0.15918 
2 0.677336 0.332031 0.470703 0.0400391 0.154297 
9 0.628467 0.457275 0.452148 0.0776367 0.0742188 
0 0.621701 0.523438 0.431641 0.0263672 0.148438 
0 0.575413 0.990967 0.420898 0.019043 0.173828 
3 0.531302 0.0195312 0.431641 0.0351562 0.0859375 
3 0.519282 0.242676 0.446289 0.0947266 0.0800781 
9 0.468131 0.743164 0.464355 0.0556641 0.135742 
3 0.446377 0.133057 0.444824 0.0991211 0.0888672 
5 0.356339 0.382812 0.415527 0.0820312 0.180664 
0 0.355032 0.366211 0.483887 0.0380859 0.174805 
9 0.334699 0.321289 0.520996 0.0546875 0.104492 
0 0.29012 0.850342 0.391113 0.0200195 0.0517578 
