3 0.947484 0.328369 0.447266 0.134277 0.210938 
3 0.944269 0.20459 0.470703 0.15918 0.263672 
3 0.917361 0.807861 0.494141 0.212402 0.265625 
3 0.853758 0.950928 0.459473 0.090332 0.186523 
3 0.844535 0.700195 0.440918 0.107422 0.143555 
3 0.710781 0.390137 0.429199 0.0429688 0.131836 
0 0.686725 0.434814 0.455566 0.0610352 0.25293 
0 0.447359 0.462646 0.402832 0.0131836 0.0810547 
0 0.445222 0.9104 0.449219 0.0454102 0.205078 
0 0.380534 0.487061 0.401367 0.0180664 0.0898438 
3 0.354715 0.904297 0.453125 0.0546875 0.185547 
0 0.341566 0.459229 0.412109 0.0131836 0.0761719 
0 0.337515 0.599121 0.395996 0.0205078 0.0732422 
0 0.318436 0.506104 0.400391 0.0141602 0.0605469 
0 0.301463 0.587158 0.39502 0.019043 0.0654297 
0 0.299173 0.75415 0.484863 0.0581055 0.262695 
9 0.272137 0.637451 0.443848 0.0219727 0.0615234 
0 0.264232 0.00927734 0.418945 0.0166016 0.103516 
0 0.254445 0.616699 0.394531 0.0175781 0.0664062 
