3 0.952679 0.817139 0.416992 0.128418 0.160156 
3 0.945724 0.907959 0.427246 0.185059 0.192383 
3 0.934518 0.618164 0.412109 0.0722656 0.123047 
3 0.810825 0.974609 0.454102 0.0498047 0.236328 
0 0.744081 0.00732422 0.425781 0.015625 0.0996094 
0 0.721321 0.69165 0.397461 0.0161133 0.0859375 
3 0.719158 0.4646 0.399902 0.0209961 0.0283203 
0 0.668108 0.73877 0.400391 0.0175781 0.101562 
0 0.641223 0.385254 0.411133 0.0224609 0.0898438 
0 0.623623 0.729492 0.398438 0.0175781 0.0898438 
0 0.610597 0.710693 0.398926 0.0161133 0.0830078 
0 0.606431 0.35498 0.411621 0.0185547 0.0849609 
0 0.597155 0.0219727 0.425781 0.0234375 0.0996094 
0 0.578078 0.535645 0.413574 0.0214844 0.0830078 
0 0.575358 0.110596 0.42041 0.0180664 0.0888672 
9 0.512239 0.331787 0.424316 0.0375977 0.0849609 
0 0.486386 0.413086 0.409668 0.0214844 0.0810547 
0 0.413994 0.167725 0.413086 0.0131836 0.0625 
3 0.378453 0.473877 0.397461 0.0249023 0.0273438 
0 0.372658 0.178467 0.416016 0.0141602 0.0566406 
0 0.372479 0.0554199 0.418457 0.0151367 0.0634766 
0 0.370572 0.306885 0.413574 0.0209961 0.0712891 
3 0.350925 0.585205 0.413574 0.0219727 0.0537109 
0 0.265034 0.0834961 0.415039 0.0136719 0.0664062 
2 0.254678 0.33252 0.424805 0.0380859 0.0859375 
3 0.952679 0.817139 0.416992 0.128418 0.160156 
3 0.945724 0.907959 0.427246 0.185059 0.192383 
3 0.934518 0.618164 0.412109 0.0722656 0.123047 
3 0.810825 0.974609 0.454102 0.0498047 0.236328 
0 0.744081 0.00732422 0.425781 0.015625 0.0996094 
0 0.721321 0.69165 0.397461 0.0161133 0.0859375 
3 0.719158 0.4646 0.399902 0.0209961 0.0283203 
0 0.668108 0.73877 0.400391 0.0175781 0.101562 
0 0.641223 0.385254 0.411133 0.0224609 0.0898438 
0 0.623623 0.729492 0.398438 0.0175781 0.0898438 
0 0.610597 0.710693 0.398926 0.0161133 0.0830078 
0 0.606431 0.35498 0.411621 0.0185547 0.0849609 
0 0.597155 0.0219727 0.425781 0.0234375 0.0996094 
0 0.578078 0.535645 0.413574 0.0214844 0.0830078 
0 0.575358 0.110596 0.42041 0.0180664 0.0888672 
9 0.512239 0.331787 0.424316 0.0375977 0.0849609 
0 0.486386 0.413086 0.409668 0.0214844 0.0810547 
0 0.413994 0.167725 0.413086 0.0131836 0.0625 
3 0.378453 0.473877 0.397461 0.0249023 0.0273438 
0 0.372658 0.178467 0.416016 0.0141602 0.0566406 
0 0.372479 0.0554199 0.418457 0.0151367 0.0634766 
0 0.370572 0.306885 0.413574 0.0209961 0.0712891 
3 0.350925 0.585205 0.413574 0.0219727 0.0537109 
0 0.265034 0.0834961 0.415039 0.0136719 0.0664062 
2 0.254678 0.33252 0.424805 0.0380859 0.0859375 
