3 0.947923 0.753906 0.470703 0.177734 0.205078 
3 0.798073 0.617676 0.412598 0.0761719 0.120117 
3 0.750051 0.519043 0.413086 0.0390625 0.0429688 
3 0.739891 0.971436 0.583008 0.0561523 0.337891 
3 0.726455 0.64209 0.432129 0.0712891 0.112305 
3 0.618349 0.491211 0.414551 0.0263672 0.0380859 
3 0.600773 0.461914 0.412109 0.0253906 0.0390625 
3 0.537848 0.55542 0.418945 0.0336914 0.0449219 
3 0.46711 0.686279 0.441895 0.0737305 0.145508 
10 0.358819 0.567383 0.424805 0.0283203 0.0449219 
3 0.297285 0.476807 0.413086 0.027832 0.0371094 
