3 0.953883 0.851074 0.484375 0.283203 0.363281 
3 0.950675 0.662842 0.433594 0.112793 0.160156 
3 0.883613 0.583252 0.401367 0.050293 0.0761719 
3 0.606113 0.302979 0.416016 0.0297852 0.0429688 
3 0.576573 0.277344 0.418945 0.0332031 0.046875 
3 0.5745 0.253418 0.418945 0.0371094 0.0488281 
3 0.535356 0.553955 0.398926 0.0258789 0.0517578 
3 0.520537 0.540283 0.395508 0.0200195 0.046875 
3 0.438179 0.287109 0.416992 0.0332031 0.0449219 
9 0.280768 0.210693 0.425293 0.0268555 0.0458984 
4 0.26904 0.521973 0.39209 0.0175781 0.0302734 
