3 0.915809 0.456543 0.430664 0.0742188 0.105469 
0 0.868808 0.881348 0.40918 0.0507812 0.294922 
0 0.857413 0.787354 0.42334 0.0541992 0.299805 
0 0.844319 0.829102 0.42334 0.0488281 0.264648 
0 0.567132 0.668213 0.41748 0.0200195 0.131836 
8 0.559475 0.0693359 0.462402 0.101562 0.200195 
0 0.535207 0.774902 0.420898 0.0439453 0.261719 
0 0.497733 0.132324 0.397461 0.0244141 0.0800781 
0 0.461352 0.0263672 0.393066 0.0400391 0.157227 
0 0.384578 0.00952148 0.394043 0.019043 0.135742 
0 0.350643 0.14624 0.397461 0.0229492 0.078125 
3 0.337001 0.0222168 0.513672 0.0463867 0.310547 
0 0.327025 0.510986 0.429688 0.012207 0.0507812 
0 0.319415 0.729248 0.419434 0.0385742 0.188477 
0 0.296595 0.52124 0.429199 0.0151367 0.0537109 
0 0.288027 0.571045 0.432129 0.0180664 0.0537109 
0 0.28115 0.166504 0.411621 0.0234375 0.0693359 
0 0.277413 0.0334473 0.407715 0.0424805 0.192383 
0 0.275345 0.582764 0.430176 0.0141602 0.0595703 
