3 0.939893 0.931641 0.339844 0.135742 0.199219 
0 0.831235 0.868896 0.383789 0.0219727 0.144531 
3 0.829633 0.599121 0.382324 0.03125 0.0478516 
0 0.746926 0.841064 0.387695 0.0336914 0.183594 
0 0.609241 0.699951 0.384766 0.019043 0.101562 
0 0.58436 0.417969 0.396973 0.0146484 0.0673828 
0 0.577309 0.68042 0.383789 0.0170898 0.0703125 
0 0.481391 0.860596 0.384766 0.0307617 0.162109 
3 0.353604 0.569092 0.379883 0.0239258 0.0351562 
0 0.262376 0.713867 0.387695 0.0205078 0.0859375 
3 0.939893 0.931641 0.339844 0.135742 0.199219 
0 0.831235 0.868896 0.383789 0.0219727 0.144531 
3 0.829633 0.599121 0.382324 0.03125 0.0478516 
0 0.746926 0.841064 0.387695 0.0336914 0.183594 
0 0.609241 0.699951 0.384766 0.019043 0.101562 
0 0.58436 0.417969 0.396973 0.0146484 0.0673828 
0 0.577309 0.68042 0.383789 0.0170898 0.0703125 
0 0.481391 0.860596 0.384766 0.0307617 0.162109 
3 0.353604 0.569092 0.379883 0.0239258 0.0351562 
0 0.262376 0.713867 0.387695 0.0205078 0.0859375 
