3 0.963468 0.855957 0.456543 0.168945 0.204102 
3 0.962207 0.577393 0.476562 0.178223 0.273438 
3 0.925261 0.940918 0.512695 0.117188 0.365234 
0 0.856108 0.0769043 0.407715 0.0493164 0.227539 
0 0.817334 0.277344 0.400391 0.0302734 0.158203 
0 0.749847 0.741455 0.418457 0.0239258 0.118164 
0 0.726618 0.416992 0.395508 0.0263672 0.103516 
0 0.721256 0.119873 0.40625 0.0415039 0.193359 
0 0.718218 0.768555 0.417969 0.0244141 0.125 
0 0.689995 0.269043 0.395996 0.0351562 0.163086 
3 0.687754 0.723145 0.413574 0.0566406 0.0927734 
0 0.666578 0.256592 0.396973 0.0288086 0.15332 
0 0.657723 0.350098 0.400879 0.0244141 0.125977 
0 0.650124 0.397949 0.400391 0.0244141 0.0957031 
0 0.647491 0.330811 0.411133 0.0268555 0.123047 
3 0.559022 0.681152 0.380859 0.0351562 0.046875 
0 0.428382 0.47583 0.399902 0.0170898 0.0712891 
0 0.411491 0.804688 0.360352 0.0195312 0.0507812 
0 0.382728 0.660645 0.385254 0.0175781 0.0791016 
0 0.358194 0.706055 0.359863 0.0166016 0.0556641 
0 0.31768 0.363281 0.398926 0.0214844 0.106445 
0 0.274301 0.424805 0.393066 0.0185547 0.0888672 
3 0.273943 0.932373 0.392578 0.0522461 0.0644531 
