3 0.897924 0.598145 0.419922 0.0380859 0.0898438 
3 0.880365 0.455566 0.410156 0.0498047 0.0839844 
3 0.7495 0.640381 0.424316 0.097168 0.133789 
3 0.748406 0.33374 0.418457 0.0336914 0.0439453 
3 0.746906 0.541016 0.393555 0.0253906 0.0410156 
0 0.712961 0.825928 0.388672 0.0375977 0.164062 
3 0.686592 0.478516 0.408691 0.0273438 0.0615234 
3 0.653899 0.419922 0.404297 0.0273438 0.0410156 
3 0.497192 0.586914 0.415039 0.0322266 0.0800781 
3 0.479622 0.893799 0.402832 0.0600586 0.0908203 
3 0.442665 0.509033 0.391602 0.0268555 0.0410156 
3 0.37876 0.571045 0.39209 0.0288086 0.0556641 
8 0.344847 0.668457 0.431641 0.0771484 0.126953 
0 0.344 0.870117 0.401855 0.0205078 0.0869141 
3 0.300035 0.554199 0.387207 0.0253906 0.0361328 
3 0.263938 0.494141 0.401855 0.0234375 0.0478516 
