3 0.958181 0.224854 0.42041 0.0600586 0.0966797 
3 0.924619 0.159912 0.423828 0.0952148 0.121094 
3 0.899605 0.0776367 0.445801 0.0927734 0.124023 
3 0.826841 0.0285645 0.445801 0.0600586 0.15332 
0 0.717986 0.746826 0.399902 0.0219727 0.106445 
0 0.715036 0.720215 0.394043 0.0195312 0.112305 
3 0.680964 0.552246 0.404785 0.0351562 0.0478516 
3 0.625039 0.428955 0.410156 0.0327148 0.0429688 
0 0.599897 0.889648 0.401367 0.0273438 0.142578 
0 0.597372 0.259521 0.416992 0.0170898 0.0722656 
0 0.38501 0.681641 0.39502 0.015625 0.0791016 
0 0.306126 0.325928 0.414551 0.0151367 0.0634766 
