9 0.941681 0.458008 0.448242 0.0830078 0.123047 
3 0.889594 0.578613 0.412109 0.0615234 0.0859375 
9 0.850624 0.175049 0.481934 0.0766602 0.165039 
3 0.816973 0.69458 0.425781 0.034668 0.101562 
0 0.804365 0.726807 0.443359 0.0493164 0.251953 
0 0.692168 0.171631 0.420898 0.0493164 0.226562 
0 0.691867 0.0749512 0.406738 0.0483398 0.235352 
2 0.687242 0.792236 0.44043 0.0864258 0.335938 
9 0.663847 0.307373 0.478516 0.050293 0.146484 
0 0.65641 0.885254 0.383789 0.0390625 0.117188 
2 0.61421 0.456299 0.402344 0.0483398 0.148438 
0 0.589724 0.0183105 0.428223 0.0356445 0.299805 
0 0.514418 0.308838 0.425781 0.0454102 0.232422 
3 0.499938 0.379883 0.397949 0.0800781 0.0791016 
0 0.489667 0.822998 0.386719 0.0375977 0.117188 
0 0.465647 0.0354004 0.427246 0.0385742 0.264648 
0 0.464441 0.259766 0.421875 0.0361328 0.171875 
2 0.460771 0.308838 0.425781 0.0454102 0.232422 
0 0.456589 0.966309 0.371582 0.0195312 0.0751953 
3 0.451824 0.665527 0.396484 0.0234375 0.0292969 
3 0.450904 0.729492 0.433105 0.0693359 0.18457 
0 0.402959 0.217041 0.427734 0.0366211 0.199219 
0 0.393035 0.825439 0.40332 0.0473633 0.166016 
3 0.38363 0.611328 0.408203 0.0410156 0.0683594 
3 0.353942 0.741455 0.421387 0.0688477 0.114258 
3 0.330547 0.67627 0.399414 0.0244141 0.0410156 
3 0.315051 0.681396 0.417969 0.0229492 0.0761719 
0 0.262111 0.915039 0.371094 0.0263672 0.0898438 
9 0.260804 0.777588 0.53125 0.0532227 0.201172 
0 0.251309 0.794678 0.419922 0.0874023 0.347656 
