3 0.961412 0.807129 0.428223 0.0830078 0.12793 
3 0.947873 0.454834 0.451172 0.101074 0.144531 
3 0.915093 0.921143 0.42041 0.0620117 0.102539 
8 0.911352 0.287842 0.48291 0.0844727 0.12793 
3 0.908278 0.533691 0.443848 0.0771484 0.0927734 
3 0.759606 0.66333 0.427246 0.0415039 0.0654297 
3 0.746084 0.603027 0.432129 0.0859375 0.0791016 
3 0.680937 0.710693 0.418457 0.0297852 0.0478516 
3 0.661793 0.694824 0.420898 0.0351562 0.0507812 
3 0.605228 0.679932 0.42334 0.0336914 0.0595703 
3 0.531676 0.724609 0.414062 0.0244141 0.0410156 
3 0.45232 0.633057 0.428711 0.0639648 0.0722656 
3 0.440197 0.742188 0.411133 0.0253906 0.0351562 
3 0.385749 0.891846 0.414551 0.0258789 0.0693359 
3 0.334045 0.885742 0.413086 0.0283203 0.0546875 
3 0.330535 0.649414 0.429688 0.0576172 0.0683594 
4 0.316992 0.85083 0.395508 0.027832 0.0371094 
3 0.251319 0.756836 0.40918 0.0244141 0.0292969 
