3 0.955076 0.487061 0.42627 0.0737305 0.12207 
0 0.878951 0.819824 0.425293 0.0341797 0.192383 
0 0.813957 0.783936 0.42041 0.0395508 0.192383 
2 0.732041 0.573975 0.418457 0.0327148 0.135742 
9 0.625039 0.574463 0.45752 0.0209961 0.0908203 
3 0.602749 0.443115 0.409668 0.0336914 0.0478516 
0 0.488798 0.725586 0.421387 0.0185547 0.0791016 
0 0.423017 0.623047 0.421387 0.0263672 0.147461 
3 0.407116 0.431152 0.410156 0.0400391 0.0488281 
0 0.363818 0.385986 0.419922 0.012207 0.0625 
9 0.338383 0.710938 0.428711 0.03125 0.078125 
9 0.319831 0.838379 0.443359 0.0205078 0.0507812 
0 0.283449 0.773682 0.420898 0.0209961 0.130859 
0 0.266355 0.556885 0.40918 0.012207 0.046875 
9 0.252967 0.602783 0.419434 0.0249023 0.0517578 
