3 0.96032 0.308594 0.445312 0.0957031 0.128906 
3 0.875515 0.355469 0.418945 0.0537109 0.0976562 
3 0.828886 0.0825195 0.435547 0.116211 0.134766 
0 0.6617 0.96582 0.486328 0.0683594 0.578125 
0 0.646118 0.691162 0.384277 0.0161133 0.0830078 
3 0.561992 0.462402 0.371094 0.0419922 0.078125 
3 0.557285 0.435059 0.388184 0.0341797 0.0517578 
0 0.523328 0.652344 0.410156 0.0292969 0.117188 
0 0.471183 0.661133 0.405273 0.0302734 0.125 
0 0.42123 0.59082 0.413086 0.0253906 0.121094 
3 0.396327 0.384277 0.392578 0.0244141 0.0351562 
3 0.320732 0.460449 0.378418 0.03125 0.0556641 
3 0.299071 0.0219727 0.445801 0.0478516 0.0986328 
3 0.261219 0.403809 0.388672 0.0253906 0.0410156 
