3 0.930043 0.162109 0.461914 0.0957031 0.0996094 
3 0.867664 0.216309 0.447754 0.0546875 0.0771484 
0 0.67866 0.838867 0.432617 0.0537109 0.255859 
0 0.673761 0.61792 0.43457 0.0180664 0.0859375 
0 0.658266 0.768066 0.440918 0.0361328 0.209961 
3 0.558154 0.339844 0.430176 0.0283203 0.0380859 
0 0.518423 0.637451 0.430664 0.0170898 0.0800781 
3 0.453949 0.317383 0.430664 0.0361328 0.0429688 
0 0.354879 0.507324 0.419434 0.0136719 0.0654297 
0 0.35159 0.491455 0.424316 0.0141602 0.0615234 
0 0.343252 0.589111 0.433105 0.0161133 0.0771484 
3 0.294043 0.346436 0.427246 0.0200195 0.0322266 
0 0.290686 0.823242 0.442871 0.0400391 0.231445 
