3 0.853104 0.679443 0.347656 0.0444336 0.0507812 
3 0.81771 0.627686 0.353516 0.0356445 0.0585938 
0 0.770428 0.339355 0.387207 0.0292969 0.143555 
0 0.760528 0.368896 0.384277 0.027832 0.137695 
3 0.741212 0.575928 0.344238 0.0795898 0.110352 
0 0.737884 0.229004 0.39209 0.0332031 0.161133 
0 0.731136 0.138428 0.399902 0.0317383 0.15332 
0 0.72239 0.317627 0.384277 0.0258789 0.137695 
0 0.710567 0.962891 0.350098 0.0195312 0.0830078 
0 0.680147 0.178711 0.395996 0.0390625 0.165039 
0 0.664924 0.277344 0.397461 0.0380859 0.164062 
0 0.636322 0.169189 0.388184 0.0268555 0.145508 
0 0.610063 0.0793457 0.416016 0.0444336 0.162109 
2 0.604323 0.517578 0.366699 0.0283203 0.149414 
0 0.561967 0.100586 0.40332 0.0332031 0.164062 
3 0.532323 0.741211 0.353027 0.0351562 0.0576172 
0 0.518177 0.415283 0.379883 0.0209961 0.119141 
0 0.510283 0.476807 0.37207 0.0200195 0.101562 
0 0.508184 0.331787 0.38916 0.0336914 0.145508 
0 0.506258 0.210205 0.386719 0.0268555 0.160156 
0 0.481435 0.351074 0.387695 0.0292969 0.140625 
0 0.480471 0.378418 0.386719 0.0205078 0.105469 
0 0.480253 0.401367 0.382324 0.0283203 0.120117 
0 0.472057 0.0732422 0.423828 0.0361328 0.130859 
0 0.469019 0.462402 0.37793 0.0195312 0.0996094 
0 0.451502 0.122314 0.397949 0.0258789 0.133789 
0 0.407122 0.0373535 0.413086 0.0444336 0.189453 
3 0.378987 0.729492 0.349121 0.0224609 0.0439453 
0 0.377523 0.193848 0.392578 0.0341797 0.166016 
0 0.366098 0.991699 0.351074 0.0146484 0.0751953 
0 0.349162 0.308105 0.381836 0.0244141 0.136719 
9 0.330516 0.51709 0.397949 0.0380859 0.106445 
0 0.32779 0.287354 0.38916 0.034668 0.163086 
2 0.320211 0.017334 0.404297 0.0375977 0.212891 
0 0.293925 0.0134277 0.419922 0.027832 0.222656 
0 0.281271 0.020752 0.41748 0.0356445 0.204102 
0 0.253257 0.237305 0.388184 0.0253906 0.129883 
