3 0.962415 0.108643 0.475098 0.145996 0.180664 
3 0.950466 0.731934 0.461426 0.146484 0.21582 
3 0.940073 0.856934 0.509277 0.233398 0.323242 
3 0.923325 0.0361328 0.45752 0.0771484 0.120117 
3 0.918566 0.634277 0.414551 0.0703125 0.100586 
3 0.869924 0.934326 0.545898 0.131348 0.466797 
3 0.861181 0.297119 0.434082 0.0668945 0.0869141 
6 0.649445 0.445312 0.371094 0.0976562 0.175781 
3 0.646181 0.604492 0.411133 0.0283203 0.0722656 
0 0.576651 0.176514 0.443359 0.027832 0.15625 
3 0.532935 0.4021 0.418945 0.0180664 0.0546875 
0 0.488468 0.377197 0.414551 0.0112305 0.0595703 
0 0.412787 0.369873 0.41748 0.0131836 0.0654297 
0 0.383935 0.199707 0.44043 0.0205078 0.103516 
0 0.364387 0.20459 0.440918 0.0175781 0.0947266 
0 0.332856 0.352783 0.422852 0.0170898 0.0703125 
