3 0.964698 0.793457 0.458496 0.206055 0.280273 
3 0.96053 0.507568 0.475098 0.163574 0.272461 
3 0.941691 0.139404 0.425781 0.105957 0.111328 
3 0.940695 0.915527 0.591797 0.172852 0.595703 
3 0.854184 0.194336 0.419922 0.0634766 0.09375 
0 0.850537 0.338135 0.411133 0.0385742 0.146484 
3 0.83223 0.689453 0.422852 0.117188 0.208984 
3 0.747942 0.255615 0.411621 0.0532227 0.0791016 
0 0.603743 0.9021 0.383301 0.0336914 0.12793 
3 0.57946 0.284668 0.402344 0.0273438 0.0488281 
3 0.479315 0.629639 0.400879 0.0385742 0.0615234 
3 0.427066 0.27417 0.40918 0.0307617 0.0703125 
0 0.372421 0.928467 0.385254 0.0268555 0.102539 
3 0.295064 0.572266 0.416992 0.0302734 0.0859375 
