3 0.965801 0.207764 0.467285 0.258301 0.272461 
3 0.941406 0.772217 0.396973 0.0571289 0.0908203 
3 0.86501 0.549316 0.402832 0.0751953 0.100586 
3 0.849297 0.689941 0.381836 0.0371094 0.0625 
3 0.734659 0.712891 0.380371 0.015625 0.0380859 
3 0.728538 0.504639 0.40918 0.116699 0.115234 
0 0.7224 0.349609 0.369141 0.0224609 0.103516 
3 0.668664 0.601318 0.390625 0.0288086 0.0605469 
3 0.505762 0.632568 0.379395 0.0229492 0.0419922 
3 0.484364 0.615479 0.382324 0.0297852 0.0537109 
3 0.454436 0.577881 0.396484 0.059082 0.0976562 
3 0.31374 0.794434 0.38623 0.0292969 0.0654297 
3 0.277577 0.800537 0.393555 0.0219727 0.0507812 
3 0.257941 0.584473 0.39209 0.0371094 0.0947266 
