3 0.957066 0.523193 0.415527 0.0786133 0.12207 
3 0.894533 0.102783 0.416992 0.192871 0.158203 
3 0.870223 0.389648 0.368164 0.0849609 0.09375 
3 0.828043 0.236328 0.404297 0.142578 0.0957031 
3 0.794598 0.63208 0.412109 0.0473633 0.107422 
9 0.780265 0.779297 0.455078 0.0244141 0.109375 
3 0.713934 0.599854 0.401367 0.0297852 0.0703125 
3 0.65186 0.587891 0.394531 0.0263672 0.0585938 
3 0.641836 0.685303 0.405273 0.112793 0.203125 
3 0.615161 0.456055 0.379883 0.0322266 0.0429688 
9 0.590402 0.31665 0.421387 0.0249023 0.0830078 
3 0.541233 0.338135 0.396484 0.0395508 0.0703125 
3 0.520691 0.295898 0.398438 0.0830078 0.0839844 
3 0.502616 0.272949 0.402832 0.0859375 0.0810547 
9 0.473476 0.367676 0.399414 0.0419922 0.0644531 
3 0.467018 0.572021 0.391113 0.0209961 0.0458984 
2 0.397967 0.317871 0.397461 0.0322266 0.111328 
9 0.39577 0.959717 0.446777 0.0454102 0.110352 
0 0.392464 0.693359 0.407715 0.0751953 0.231445 
0 0.335009 0.696045 0.420898 0.0532227 0.189453 
3 0.304105 0.61792 0.410156 0.0317383 0.09375 
3 0.282042 0.55835 0.38623 0.019043 0.0380859 
3 0.275211 0.350586 0.395508 0.0371094 0.0683594 
9 0.265703 0.114014 0.454102 0.0668945 0.121094 
