3 0.956959 0.803223 0.427246 0.181641 0.254883 
3 0.938919 0.275146 0.421875 0.0864258 0.125 
3 0.937803 0.224121 0.443848 0.09375 0.145508 
3 0.890205 0.678223 0.418457 0.0869141 0.15332 
3 0.831938 0.555664 0.380859 0.046875 0.078125 
3 0.805913 0.712891 0.429199 0.0693359 0.168945 
3 0.763471 0.614502 0.392578 0.0493164 0.078125 
3 0.760449 0.366455 0.40918 0.0532227 0.0800781 
3 0.753021 0.513428 0.389648 0.0307617 0.0507812 
3 0.735666 0.0356445 0.492676 0.0683594 0.245117 
9 0.679792 0.324463 0.452637 0.0336914 0.110352 
3 0.62962 0.426758 0.399902 0.0302734 0.0498047 
3 0.614135 0.124023 0.467285 0.170898 0.19043 
3 0.590276 0.445068 0.395508 0.0258789 0.0449219 
3 0.524857 0.492432 0.391113 0.0209961 0.0380859 
2 0.503706 0.323242 0.416992 0.0341797 0.136719 
3 0.438743 0.393555 0.408203 0.0361328 0.0683594 
3 0.4224 0.33252 0.427246 0.0371094 0.0908203 
0 0.358561 0.63501 0.36084 0.0151367 0.0498047 
3 0.345398 0.4729 0.390137 0.0209961 0.0400391 
3 0.3119 0.460938 0.390137 0.0214844 0.0439453 
4 0.262917 0.58667 0.38916 0.0307617 0.0595703 
