0 0.96584 0.515869 0.476074 0.108887 0.551758 
3 0.93229 0.421631 0.42041 0.132324 0.149414 
0 0.924158 0.776611 0.470215 0.134277 0.647461 
0 0.918365 0.57959 0.457031 0.0830078 0.382812 
0 0.833205 0.949951 0.486816 0.102051 0.557617 
0 0.73484 0.11377 0.410645 0.0205078 0.0947266 
0 0.722222 0.908447 0.474121 0.101074 0.485352 
3 0.708319 0.600342 0.413086 0.0649414 0.115234 
3 0.608219 0.639404 0.393555 0.0424805 0.0566406 
0 0.552925 0.101807 0.412109 0.0219727 0.09375 
0 0.521166 0.0612793 0.418457 0.0170898 0.0908203 
0 0.435331 0.0891113 0.419434 0.0180664 0.0849609 
3 0.288561 0.294678 0.398926 0.0639648 0.100586 
0 0.282733 0.978271 0.471191 0.0473633 0.463867 
