3 0.957686 0.067627 0.466309 0.134277 0.180664 
3 0.941167 0.50708 0.425293 0.0776367 0.0986328 
3 0.937542 0.895264 0.485352 0.208496 0.462891 
0 0.924183 0.726074 0.361816 0.0253906 0.0869141 
3 0.795013 0.169922 0.447754 0.0625 0.0966797 
3 0.608307 0.139893 0.459473 0.059082 0.106445 
3 0.588542 0.304443 0.416992 0.0512695 0.0351562 
3 0.573532 0.211914 0.434082 0.0400391 0.0791016 
3 0.524151 0.393555 0.401855 0.03125 0.0478516 
0 0.49145 0.803711 0.386719 0.0273438 0.121094 
10 0.437335 0.712891 0.415039 0.128906 0.130859 
3 0.409323 0.273926 0.421387 0.0283203 0.0361328 
3 0.407485 0.432129 0.403809 0.0283203 0.0458984 
3 0.399371 0.153809 0.457031 0.0576172 0.103516 
3 0.374272 0.123047 0.456543 0.0712891 0.125977 
0 0.357239 0.663086 0.381348 0.0195312 0.0888672 
0 0.340573 0.785156 0.382812 0.0283203 0.132812 
3 0.316966 0.194092 0.442871 0.0473633 0.0849609 
9 0.303924 0.639404 0.420898 0.0610352 0.0878906 
0 0.288774 0.69751 0.365234 0.0209961 0.0742188 
0 0.263274 0.680176 0.368652 0.0224609 0.0771484 
