3 0.900595 0.237305 0.407715 0.0693359 0.0732422 
3 0.878061 0.0830078 0.418945 0.105469 0.0878906 
3 0.804264 0.592041 0.441406 0.0922852 0.121094 
3 0.719382 0.645752 0.366699 0.0541992 0.0869141 
9 0.696967 0.936523 0.535156 0.104492 0.267578 
0 0.589479 0.27832 0.394531 0.0185547 0.0761719 
3 0.566621 0.526367 0.391602 0.0302734 0.0488281 
0 0.519766 0.3396 0.39502 0.0151367 0.0615234 
0 0.420717 0.30542 0.391113 0.0180664 0.0732422 
3 0.368023 0.69458 0.383789 0.0219727 0.0371094 
0 0.354956 0.315186 0.390137 0.0161133 0.0732422 
0 0.339325 0.984863 0.390137 0.0292969 0.209961 
0 0.335166 0.462158 0.385254 0.019043 0.0556641 
3 0.306447 0.744385 0.402344 0.043457 0.0761719 
3 0.280929 0.537354 0.394043 0.027832 0.0400391 
