3 0.924045 0.719971 0.42627 0.233887 0.15332 
0 0.755387 0.83667 0.388184 0.0180664 0.0869141 
9 0.647916 0.0546875 0.466309 0.078125 0.106445 
0 0.642329 0.806641 0.387207 0.0146484 0.0576172 
0 0.606879 0.817383 0.390137 0.0146484 0.0634766 
10 0.566606 0.0842285 0.453125 0.109863 0.111328 
0 0.545157 0.573242 0.411133 0.0205078 0.0996094 
2 0.503666 0.0512695 0.413086 0.0410156 0.150391 
0 0.474672 0.541748 0.401855 0.0161133 0.0830078 
0 0.41541 0.393555 0.410645 0.0136719 0.0634766 
0 0.399877 0.367188 0.416504 0.0136719 0.0693359 
0 0.384366 0.118164 0.424805 0.0292969 0.123047 
0 0.335555 0.0512695 0.413086 0.0410156 0.150391 
0 0.335099 0.133301 0.430664 0.0253906 0.111328 
0 0.326631 0.55542 0.413574 0.0219727 0.0927734 
0 0.317223 0.442383 0.398438 0.0146484 0.0507812 
0 0.315921 0.30249 0.416504 0.0141602 0.0595703 
0 0.289059 0.634766 0.369629 0.0136719 0.0517578 
0 0.284377 0.849121 0.391113 0.0175781 0.0712891 
0 0.254928 0.47583 0.396973 0.0180664 0.0439453 
