3 0.947018 0.619141 0.53418 0.290039 0.490234 
3 0.927639 0.918457 0.506836 0.158203 0.425781 
0 0.907413 0.0839844 0.458008 0.0449219 0.203125 
3 0.846313 0.429688 0.423828 0.103516 0.0898438 
3 0.832436 0.821045 0.414551 0.109863 0.102539 
9 0.81331 0.355713 0.463867 0.0942383 0.123047 
3 0.668332 0.319336 0.410156 0.0390625 0.0546875 
9 0.641424 0.4646 0.466309 0.0756836 0.120117 
2 0.619213 0.352295 0.420898 0.0493164 0.144531 
3 0.495179 0.753418 0.419922 0.0361328 0.0683594 
3 0.414102 0.383301 0.413574 0.0429688 0.0615234 
0 0.37586 0.772217 0.425293 0.0424805 0.141602 
3 0.369586 0.386963 0.417969 0.0717773 0.0742188 
3 0.344317 0.305664 0.410645 0.0332031 0.0576172 
3 0.342373 0.290771 0.402832 0.027832 0.0517578 
3 0.334524 0.271729 0.400879 0.0249023 0.0517578 
3 0.29664 0.36499 0.416504 0.0463867 0.0751953 
3 0.281704 0.364502 0.395508 0.0473633 0.0761719 
