3 0.95505 0.201416 0.453613 0.140137 0.172852 
3 0.924143 0.415039 0.432617 0.078125 0.107422 
3 0.870238 0.297852 0.419922 0.0917969 0.152344 
3 0.803478 0.533203 0.431152 0.0654297 0.12207 
3 0.798104 0.447754 0.413574 0.0478516 0.0927734 
3 0.665584 0.52832 0.404785 0.0644531 0.135742 
3 0.665087 0.366699 0.428711 0.0517578 0.0878906 
3 0.61672 0.350342 0.430664 0.0532227 0.0917969 
3 0.571346 0.0639648 0.505371 0.125977 0.268555 
3 0.513205 0.37793 0.41748 0.046875 0.0791016 
8 0.3405 0.744385 0.421387 0.0239258 0.0693359 
3 0.30409 0.459961 0.414551 0.0351562 0.0830078 
9 0.28185 0.989502 0.480957 0.0219727 0.178711 
3 0.263536 0.528076 0.373535 0.0551758 0.102539 
