3 0.842784 0.283691 0.443848 0.0751953 0.112305 
3 0.657464 0.375977 0.428223 0.0751953 0.129883 
3 0.652753 0.14502 0.439941 0.0791016 0.108398 
3 0.639348 0.167969 0.420898 0.0546875 0.09375 
2 0.623949 0.213379 0.416504 0.0214844 0.100586 
3 0.623649 0.427734 0.409668 0.0371094 0.0458984 
3 0.55117 0.477295 0.40918 0.0336914 0.0449219 
3 0.487569 0.495361 0.40918 0.0385742 0.0527344 
3 0.449075 0.447266 0.407715 0.0361328 0.0458984 
0 0.448396 0.778076 0.448242 0.0307617 0.136719 
3 0.437541 0.242432 0.412109 0.0219727 0.0410156 
3 0.432449 0.176514 0.417969 0.034668 0.0820312 
3 0.404355 0.253662 0.412109 0.019043 0.0410156 
0 0.376597 0.539795 0.400879 0.0141602 0.0634766 
0 0.374501 0.552002 0.400879 0.0131836 0.0634766 
3 0.371629 0.306885 0.400391 0.034668 0.0429688 
3 0.349729 0.317383 0.397949 0.0341797 0.0478516 
0 0.34723 0.0117188 0.425781 0.0205078 0.162109 
3 0.336051 0.227539 0.411133 0.0292969 0.0410156 
3 0.32709 0.193115 0.415527 0.0219727 0.0458984 
0 0.30789 0.0192871 0.42627 0.0336914 0.194336 
0 0.304301 0.791748 0.450195 0.0356445 0.126953 
0 0.271256 0.799072 0.443359 0.0239258 0.123047 
3 0.253884 0.50708 0.411133 0.0415039 0.0527344 
