3 0.823593 0.474121 0.393555 0.0292969 0.0625 
3 0.732235 0.438721 0.39209 0.0639648 0.120117 
0 0.713321 0.0720215 0.380859 0.0209961 0.0703125 
0 0.330657 0.366211 0.386719 0.015625 0.0664062 
0 0.255941 0.207764 0.380371 0.0170898 0.0556641 
3 0.253234 0.644043 0.397461 0.0400391 0.0488281 
3 0.823593 0.474121 0.393555 0.0292969 0.0625 
3 0.732235 0.438721 0.39209 0.0639648 0.120117 
0 0.713321 0.0720215 0.380859 0.0209961 0.0703125 
0 0.330657 0.366211 0.386719 0.015625 0.0664062 
0 0.255941 0.207764 0.380371 0.0170898 0.0556641 
3 0.253234 0.644043 0.397461 0.0400391 0.0488281 
