3 0.92256 0.270264 0.435059 0.137207 0.15918 
3 0.920935 0.921387 0.372559 0.150391 0.219727 
3 0.797454 0.363281 0.404785 0.0537109 0.0810547 
3 0.719318 0.331787 0.412109 0.0463867 0.0917969 
8 0.598734 0.459717 0.42041 0.027832 0.0830078 
3 0.587479 0.394043 0.402832 0.0458984 0.0712891 
0 0.533521 0.130615 0.416016 0.0297852 0.101562 
0 0.458329 0.799072 0.395508 0.0268555 0.119141 
3 0.355588 0.615479 0.38623 0.0180664 0.0224609 
2 0.33781 0.459717 0.42041 0.027832 0.0830078 
3 0.333801 0.651123 0.388184 0.0200195 0.0224609 
2 0.327823 0.460938 0.396973 0.0244141 0.0810547 
3 0.296389 0.599854 0.38623 0.0219727 0.0283203 
3 0.263359 0.489502 0.387695 0.0200195 0.0234375 
