3 0.891216 0.578125 0.417969 0.0556641 0.0859375 
0 0.686003 0.116211 0.380859 0.0195312 0.0996094 
0 0.645346 0.163818 0.384766 0.0180664 0.0800781 
0 0.577918 0.135254 0.382812 0.0185547 0.0820312 
0 0.553924 0.447021 0.394043 0.0161133 0.0615234 
0 0.523406 0.428223 0.400391 0.0185547 0.0742188 
3 0.474516 0.487793 0.396484 0.0244141 0.0390625 
0 0.458129 0.148438 0.383301 0.0175781 0.0791016 
0 0.457946 0.507324 0.402344 0.0166016 0.0703125 
0 0.370993 0.412109 0.399414 0.0146484 0.0625 
0 0.353122 0.17627 0.386719 0.0166016 0.0761719 
0 0.312983 0.524414 0.399902 0.015625 0.0693359 
0 0.291315 0.629395 0.389648 0.0146484 0.0566406 
0 0.285951 0.384277 0.39502 0.015625 0.0654297 
0 0.26696 0.397461 0.398438 0.0166016 0.0644531 
3 0.891216 0.578125 0.417969 0.0556641 0.0859375 
0 0.686003 0.116211 0.380859 0.0195312 0.0996094 
0 0.645346 0.163818 0.384766 0.0180664 0.0800781 
0 0.577918 0.135254 0.382812 0.0185547 0.0820312 
0 0.553924 0.447021 0.394043 0.0161133 0.0615234 
0 0.523406 0.428223 0.400391 0.0185547 0.0742188 
3 0.474516 0.487793 0.396484 0.0244141 0.0390625 
0 0.458129 0.148438 0.383301 0.0175781 0.0791016 
0 0.457946 0.507324 0.402344 0.0166016 0.0703125 
0 0.370993 0.412109 0.399414 0.0146484 0.0625 
0 0.353122 0.17627 0.386719 0.0166016 0.0761719 
0 0.312983 0.524414 0.399902 0.015625 0.0693359 
0 0.291315 0.629395 0.389648 0.0146484 0.0566406 
0 0.285951 0.384277 0.39502 0.015625 0.0654297 
0 0.26696 0.397461 0.398438 0.0166016 0.0644531 
