3 0.936822 0.818848 0.467773 0.135742 0.269531 
3 0.935263 0.900879 0.53125 0.192383 0.349609 
3 0.932798 0.229248 0.442871 0.148926 0.192383 
3 0.921199 0.741699 0.463379 0.0888672 0.180664 
3 0.919043 0.32666 0.440918 0.0908203 0.125977 
3 0.908098 0.0761719 0.51416 0.151367 0.323242 
3 0.868476 0.700684 0.445801 0.0800781 0.141602 
3 0.835157 0.382568 0.430176 0.0610352 0.0810547 
3 0.794798 0.947266 0.599121 0.106445 0.49707 
0 0.722363 0.212891 0.443848 0.0400391 0.208008 
3 0.69329 0.489746 0.410645 0.0527344 0.0576172 
3 0.673269 0.457764 0.416016 0.0366211 0.0644531 
3 0.669154 0.447754 0.420898 0.0341797 0.0722656 
3 0.661637 0.673828 0.430664 0.0449219 0.107422 
3 0.626889 0.421875 0.416504 0.0527344 0.0869141 
3 0.535969 0.126221 0.462402 0.141113 0.21582 
3 0.530771 0.645996 0.416504 0.0292969 0.0693359 
6 0.443495 0.581299 0.385254 0.0600586 0.143555 
3 0.404117 0.539795 0.40332 0.0219727 0.0429688 
3 0.376703 0.477295 0.412598 0.0532227 0.0595703 
3 0.376015 0.664551 0.428711 0.0380859 0.0996094 
3 0.292083 0.103027 0.491699 0.169922 0.256836 
0 0.280495 0.300781 0.382812 0.0136719 0.0390625 
4 0.257511 0.645996 0.416992 0.0283203 0.0703125 
3 0.250688 0.621338 0.393555 0.0249023 0.0390625 
