6 0.946907 0.76123 0.354492 0.194336 0.291016 
3 0.942332 0.161621 0.478027 0.105469 0.110352 
3 0.907154 0.264648 0.44873 0.0830078 0.0966797 
3 0.848053 0.631348 0.441895 0.0595703 0.0908203 
3 0.822863 0.0563965 0.483398 0.129395 0.15625 
3 0.736934 0.361328 0.425781 0.0488281 0.0898438 
3 0.704585 0.544922 0.42627 0.0361328 0.0576172 
3 0.6587 0.403564 0.425781 0.0405273 0.0664062 
3 0.612344 0.901611 0.363281 0.178223 0.412109 
5 0.594544 0.603271 0.387695 0.0522461 0.125 
0 0.289531 0.0117188 0.422852 0.0195312 0.0664062 
3 0.289472 0.606201 0.385742 0.0571289 0.138672 
3 0.270734 0.313721 0.445801 0.0483398 0.0771484 
0 0.266908 0.0180664 0.421875 0.0214844 0.0605469 
