3 0.903556 0.71167 0.48291 0.155762 0.24707 
3 0.884269 0.602051 0.447266 0.0390625 0.103516 
3 0.813816 0.858398 0.509277 0.262695 0.426758 
3 0.79798 0.933594 0.604004 0.12207 0.495117 
3 0.761939 0.14502 0.344238 0.245117 0.321289 
3 0.643197 0.672607 0.463379 0.121582 0.19043 
3 0.605455 0.631104 0.459473 0.0717773 0.145508 
3 0.56524 0.579834 0.430176 0.050293 0.0849609 
3 0.472267 0.556396 0.432129 0.0249023 0.0537109 
3 0.463347 0.586426 0.442383 0.0351562 0.0859375 
3 0.456071 0.615479 0.454102 0.0541992 0.125 
0 0.443711 0.350098 0.461426 0.0380859 0.198242 
3 0.430126 0.459961 0.42627 0.0166016 0.0283203 
3 0.388459 0.574707 0.440918 0.0332031 0.0810547 
0 0.306468 0.415283 0.397461 0.0141602 0.0566406 
3 0.254678 0.496338 0.423828 0.0141602 0.0234375 
