0 0.937668 0.224609 0.444336 0.0693359 0.341797 
0 0.884011 0.332764 0.444336 0.105957 0.419922 
0 0.806911 0.151367 0.442383 0.0585938 0.300781 
0 0.798376 0.54541 0.416016 0.0390625 0.201172 
0 0.792291 0.462891 0.400391 0.0449219 0.214844 
0 0.728191 0.590576 0.418457 0.0366211 0.202148 
0 0.710205 0.489014 0.406738 0.0444336 0.208008 
0 0.706481 0.514893 0.402344 0.0385742 0.197266 
0 0.705147 0.62207 0.412598 0.0380859 0.206055 
0 0.646839 0.712158 0.38623 0.0209961 0.0966797 
0 0.589143 0.283691 0.45459 0.0751953 0.383789 
3 0.560628 0.919189 0.404297 0.0463867 0.0585938 
2 0.560173 0.759521 0.394531 0.0327148 0.126953 
0 0.4419 0.693848 0.383789 0.0195312 0.0898438 
9 0.427226 0.759033 0.42627 0.0405273 0.102539 
0 0.364209 0.522461 0.413574 0.0341797 0.188477 
