3 0.895953 0.0979004 0.394531 0.0405273 0.0625 
10 0.796168 0.0439453 0.406738 0.0820312 0.0888672 
3 0.749099 0.172607 0.396973 0.0375977 0.0654297 
3 0.69982 0.288086 0.401855 0.0439453 0.0693359 
0 0.617439 0.789062 0.397461 0.0283203 0.0664062 
3 0.590223 0.275635 0.398438 0.0336914 0.0644531 
0 0.576942 0.491943 0.413574 0.0219727 0.116211 
0 0.556831 0.679199 0.403809 0.03125 0.120117 
0 0.512462 0.486328 0.412109 0.0292969 0.132812 
0 0.492841 0.394531 0.397461 0.0224609 0.109375 
0 0.458108 0.471436 0.403809 0.0229492 0.12207 
3 0.273645 0.298584 0.408203 0.0454102 0.0683594 
