3 0.939205 0.733154 0.441895 0.190918 0.165039 
10 0.837546 0.207764 0.491211 0.199707 0.236328 
0 0.769157 0.493408 0.410156 0.0258789 0.109375 
0 0.764287 0.227051 0.390625 0.0244141 0.115234 
0 0.712447 0.195312 0.39502 0.0214844 0.0810547 
0 0.707142 0.892578 0.369141 0.0478516 0.158203 
0 0.694353 0.833008 0.397949 0.0234375 0.106445 
0 0.682521 0.793457 0.384277 0.0224609 0.0791016 
0 0.663521 0.144775 0.414551 0.0317383 0.137695 
0 0.661365 0.536865 0.414551 0.0249023 0.112305 
0 0.657134 0.244385 0.396484 0.0180664 0.0878906 
0 0.655592 0.0527344 0.413086 0.0302734 0.152344 
3 0.644182 0.938965 0.479004 0.121094 0.37793 
0 0.631165 0.526367 0.414551 0.0205078 0.0966797 
0 0.629904 0.209961 0.39209 0.0195312 0.0908203 
0 0.608032 0.553223 0.413574 0.0195312 0.0927734 
0 0.499987 0.346191 0.401855 0.0185547 0.0712891 
0 0.466472 0.599609 0.414062 0.0273438 0.113281 
0 0.427283 0.0407715 0.422852 0.0288086 0.121094 
9 0.411337 0.635742 0.440918 0.0273438 0.0732422 
0 0.372837 0.66333 0.387695 0.0170898 0.0527344 
0 0.362491 0.43335 0.399902 0.0200195 0.0791016 
0 0.31994 0.117432 0.401855 0.0200195 0.0888672 
9 0.3133 0.587646 0.441895 0.0415039 0.0595703 
0 0.281096 0.0812988 0.412598 0.0219727 0.102539 
0 0.264861 0.258545 0.399414 0.0200195 0.0644531 
0 0.259358 0.117432 0.419434 0.0239258 0.114258 
0 0.252279 0.44165 0.401855 0.0161133 0.0712891 
