3 0.947946 0.159424 0.466797 0.13916 0.226562 
3 0.946395 0.793701 0.46875 0.133301 0.210938 
3 0.937718 0.726807 0.444336 0.109863 0.171875 
3 0.918188 0.290039 0.431152 0.0751953 0.141602 
3 0.893956 0.334473 0.427246 0.0527344 0.112305 
3 0.886796 0.885742 0.505859 0.157227 0.328125 
3 0.88146 0.0605469 0.508789 0.12207 0.335938 
3 0.875185 0.66748 0.429688 0.0693359 0.121094 
3 0.871318 0.234131 0.441406 0.0961914 0.177734 
3 0.855681 0.369141 0.401855 0.0351562 0.0458984 
3 0.850395 0.949951 0.555176 0.100098 0.520508 
3 0.722762 0.575684 0.411621 0.0332031 0.0517578 
3 0.642496 0.443115 0.399902 0.050293 0.0458984 
3 0.354756 0.553467 0.409668 0.0209961 0.0380859 
3 0.319545 0.539551 0.401367 0.0185547 0.0371094 
