3 0.964537 0.203857 0.524902 0.239746 0.333008 
3 0.952364 0.879883 0.534668 0.238281 0.446289 
3 0.937822 0.321533 0.474121 0.118652 0.219727 
3 0.930135 0.38501 0.458496 0.0737305 0.147461 
3 0.904483 0.789062 0.463867 0.180664 0.292969 
3 0.861849 0.702881 0.379395 0.182129 0.358398 
3 0.858583 0.420166 0.443848 0.0639648 0.120117 
3 0.843958 0.60791 0.442383 0.0517578 0.0996094 
3 0.836371 0.446777 0.428711 0.0449219 0.0917969 
3 0.75226 0.583252 0.425293 0.0473633 0.0830078 
3 0.660276 0.558105 0.424805 0.0283203 0.0683594 
3 0.33535 0.461182 0.42041 0.0336914 0.0732422 
3 0.304413 0.474365 0.415527 0.0317383 0.0595703 
3 0.257341 0.568848 0.428711 0.0390625 0.0742188 
