3 0.874671 0.615723 0.421387 0.0390625 0.104492 
3 0.860704 0.657959 0.41748 0.0942383 0.145508 
3 0.846206 0.465332 0.412598 0.0292969 0.0478516 
3 0.817698 0.588867 0.415039 0.0322266 0.0644531 
3 0.72903 0.972656 0.391602 0.0546875 0.443359 
3 0.399492 0.574463 0.413574 0.0229492 0.0556641 
3 0.338096 0.595947 0.417969 0.0288086 0.0761719 
3 0.874671 0.615723 0.421387 0.0390625 0.104492 
3 0.860704 0.657959 0.41748 0.0942383 0.145508 
3 0.846206 0.465332 0.412598 0.0292969 0.0478516 
3 0.817698 0.588867 0.415039 0.0322266 0.0644531 
3 0.72903 0.972656 0.391602 0.0546875 0.443359 
3 0.399492 0.574463 0.413574 0.0229492 0.0556641 
3 0.338096 0.595947 0.417969 0.0288086 0.0761719 
