3 0.971264 0.144531 0.591797 0.289062 0.46875 
0 0.864968 0.67749 0.397461 0.0366211 0.189453 
3 0.775688 0.28833 0.444336 0.0385742 0.0683594 
3 0.770437 0.415527 0.417969 0.0185547 0.0332031 
0 0.75725 0.652344 0.395508 0.03125 0.15625 
3 0.643139 0.257324 0.448242 0.0537109 0.0800781 
3 0.621046 0.33667 0.433594 0.0209961 0.0390625 
3 0.61833 0.304688 0.441895 0.0273438 0.0595703 
3 0.560268 0.507324 0.412598 0.0351562 0.0458984 
3 0.50225 0.351562 0.42627 0.0205078 0.0419922 
3 0.458859 0.491211 0.413574 0.0224609 0.0361328 
3 0.449518 0.322754 0.436035 0.0234375 0.0439453 
3 0.41763 0.362549 0.422852 0.0180664 0.0332031 
3 0.382411 0.244629 0.453613 0.0585938 0.0830078 
3 0.30323 0.480469 0.415039 0.0175781 0.0332031 
3 0.273239 0.273682 0.447266 0.0366211 0.0722656 
