3 0.939484 0.355957 0.407227 0.0664062 0.105469 
3 0.84662 0.400635 0.410156 0.0385742 0.0527344 
0 0.80069 0.548584 0.418945 0.0268555 0.107422 
3 0.72662 0.426025 0.409668 0.0297852 0.0478516 
3 0.557032 0.523682 0.402832 0.0170898 0.0283203 
3 0.457082 0.442139 0.408203 0.0209961 0.0410156 
9 0.418442 0.306641 0.421387 0.0234375 0.0498047 
3 0.380043 0.45752 0.403809 0.015625 0.0283203 
3 0.353432 0.47998 0.401367 0.0185547 0.0234375 
3 0.33293 0.446533 0.404785 0.0209961 0.0361328 
3 0.294714 0.489502 0.401855 0.0151367 0.0205078 
