3 0.949295 0.264893 0.482422 0.108887 0.166016 
3 0.941306 0.166016 0.495117 0.154297 0.232422 
3 0.932069 0.871582 0.545898 0.253906 0.369141 
3 0.921912 0.0664062 0.560059 0.128906 0.387695 
3 0.864898 0.327393 0.464355 0.0776367 0.12793 
3 0.83545 0.430664 0.44043 0.0419922 0.0664062 
3 0.777554 0.601807 0.458496 0.0405273 0.0888672 
3 0.774643 0.689453 0.461914 0.118164 0.214844 
3 0.758615 0.744141 0.503418 0.142578 0.25293 
3 0.75483 0.629883 0.470703 0.0507812 0.121094 
3 0.751074 0.400146 0.449707 0.0424805 0.0810547 
3 0.670747 0.583496 0.454102 0.0283203 0.0703125 
3 0.593811 0.570801 0.447754 0.0263672 0.0576172 
3 0.576409 0.616211 0.463379 0.0498047 0.0927734 
3 0.474475 0.540283 0.428223 0.027832 0.0458984 
3 0.444715 0.481201 0.439453 0.0297852 0.046875 
3 0.409543 0.489502 0.434082 0.0239258 0.0439453 
3 0.408735 0.506592 0.42627 0.0249023 0.0439453 
3 0.406811 0.370605 0.449219 0.046875 0.171875 
3 0.375457 0.352295 0.452148 0.0727539 0.121094 
3 0.329989 0.560547 0.442871 0.0195312 0.0498047 
0 0.298081 0.370605 0.449219 0.046875 0.171875 
3 0.284764 0.522461 0.422852 0.0185547 0.0351562 
