3 0.960033 0.737793 0.465332 0.141602 0.213867 
3 0.942742 0.515869 0.4375 0.127441 0.214844 
3 0.920495 0.869873 0.508301 0.26123 0.327148 
3 0.916777 0.0898438 0.470215 0.15625 0.166992 
3 0.898162 0.189941 0.441406 0.0986328 0.148438 
3 0.865498 0.955078 0.600098 0.0898438 0.354492 
3 0.831224 0.32373 0.427734 0.0507812 0.0761719 
3 0.709544 0.33374 0.423828 0.0405273 0.0742188 
3 0.692025 0.428223 0.415039 0.0380859 0.046875 
3 0.671214 0.675781 0.377441 0.160156 0.293945 
0 0.668434 0.79126 0.351562 0.0239258 0.0527344 
3 0.576293 0.261963 0.435547 0.0708008 0.113281 
0 0.555261 0.914062 0.321777 0.0361328 0.0771484 
3 0.553871 0.302002 0.431641 0.0463867 0.0839844 
0 0.553349 0.988525 0.366211 0.0239258 0.142578 
3 0.457837 0.598877 0.401855 0.0415039 0.124023 
0 0.318599 0.879883 0.328125 0.0322266 0.0605469 
0 0.277097 0.841064 0.336914 0.0239258 0.0625 
3 0.261305 0.589844 0.411621 0.0273438 0.0986328 
