0 0.712434 0.487549 0.441895 0.0219727 0.114258 
0 0.711736 0.463623 0.440918 0.019043 0.104492 
3 0.686085 0.591797 0.427734 0.0585938 0.078125 
3 0.598087 0.751221 0.439453 0.194824 0.171875 
3 0.592174 0.530029 0.432617 0.0395508 0.0585938 
0 0.511974 0.383057 0.42627 0.0200195 0.0947266 
0 0.496533 0.481934 0.442871 0.0205078 0.102539 
6 0.466337 0.0644531 0.368652 0.115234 0.254883 
0 0.434885 0.363281 0.426758 0.0195312 0.0917969 
0 0.411596 0.41626 0.432129 0.0180664 0.0810547 
0 0.319137 0.425781 0.432129 0.0185547 0.0888672 
0 0.252911 0.413818 0.447266 0.0307617 0.0859375 
