3 0.952856 0.209229 0.383301 0.114746 0.264648 
3 0.92654 0.0495605 0.441895 0.0932617 0.139648 
3 0.90784 0.109131 0.430664 0.0581055 0.101562 
9 0.735347 0.488525 0.459961 0.043457 0.117188 
3 0.659467 0.282959 0.420898 0.0473633 0.0683594 
2 0.626868 0.553223 0.415527 0.0351562 0.118164 
2 0.580015 0.494873 0.404297 0.0405273 0.1875 
3 0.561497 0.147217 0.415527 0.0219727 0.0380859 
9 0.450541 0.606445 0.440918 0.0634766 0.0732422 
9 0.437463 0.55542 0.441406 0.0581055 0.0761719 
2 0.410181 0.611328 0.416016 0.0341797 0.125 
3 0.327985 0.132812 0.412598 0.0253906 0.0439453 
0 0.322869 0.676758 0.41748 0.0205078 0.133789 
9 0.313025 0.472168 0.447266 0.0556641 0.0898438 
