3 0.948738 0.724854 0.466797 0.111816 0.1875 
3 0.942815 0.857422 0.467773 0.233398 0.328125 
3 0.921367 0.928711 0.579102 0.145508 0.574219 
3 0.916141 0.105713 0.431152 0.212402 0.30957 
3 0.796589 0.380615 0.421387 0.0395508 0.0693359 
3 0.739146 0.661621 0.433594 0.0791016 0.125 
3 0.733893 0.639648 0.42041 0.0722656 0.116211 
3 0.713209 0.310791 0.424805 0.081543 0.121094 
3 0.708951 0.428711 0.411621 0.0283203 0.0537109 
3 0.703331 0.400879 0.414062 0.0390625 0.0664062 
3 0.691304 0.245361 0.442871 0.101074 0.141602 
0 0.690149 0.491211 0.418945 0.0263672 0.132812 
3 0.680191 0.362793 0.424805 0.0458984 0.078125 
3 0.613381 0.212891 0.443359 0.0888672 0.152344 
9 0.533461 0.478271 0.451172 0.034668 0.0917969 
2 0.506401 0.474609 0.419922 0.0292969 0.105469 
2 0.442802 0.483887 0.423828 0.0322266 0.138672 
3 0.438784 0.411865 0.412109 0.0307617 0.0585938 
6 0.363897 0.530518 0.373047 0.065918 0.167969 
3 0.337677 0.466064 0.412109 0.027832 0.0644531 
3 0.281576 0.616211 0.417969 0.0429688 0.0898438 
3 0.269338 0.530029 0.368652 0.065918 0.172852 
0 0.257209 0.483887 0.423828 0.0322266 0.138672 
0 0.253887 0.366699 0.385742 0.0146484 0.0371094 
