3 0.90734 0.51001 0.416016 0.0522461 0.0664062 
3 0.880663 0.758057 0.409668 0.100098 0.0986328 
3 0.877008 0.38501 0.422852 0.101074 0.0957031 
3 0.836915 0.306396 0.422852 0.100098 0.103516 
0 0.810033 0.23584 0.424805 0.0380859 0.207031 
3 0.802002 0.195801 0.424805 0.105469 0.123047 
0 0.789698 0.26001 0.41748 0.0424805 0.200195 
3 0.708146 0.151123 0.425781 0.081543 0.109375 
3 0.623815 0.459961 0.425781 0.0537109 0.0742188 
3 0.475106 0.429688 0.415527 0.0742188 0.0908203 
0 0.463139 0.446777 0.42334 0.0214844 0.106445 
3 0.459716 0.664062 0.391602 0.0400391 0.0449219 
3 0.44765 0.116455 0.449707 0.0463867 0.0947266 
3 0.393329 0.0183105 0.444336 0.0385742 0.109375 
3 0.317507 0.618896 0.393066 0.0317383 0.0400391 
3 0.292642 0.63208 0.391113 0.0327148 0.0419922 
