3 0.947567 0.41626 0.523926 0.128418 0.176758 
9 0.761824 0.797607 0.525391 0.101074 0.150391 
0 0.757119 0.587402 0.506836 0.0498047 0.273438 
3 0.716648 0.672119 0.480469 0.059082 0.0800781 
0 0.709719 0.556885 0.503418 0.0454102 0.25293 
0 0.696284 0.769043 0.475586 0.0771484 0.314453 
0 0.582418 0.974365 0.42627 0.0375977 0.139648 
0 0.580609 0.279785 0.508789 0.0371094 0.201172 
0 0.576524 0.787598 0.480957 0.0576172 0.268555 
0 0.378667 0.493652 0.484863 0.0214844 0.0595703 
0 0.313521 0.321777 0.487793 0.0253906 0.114258 
0 0.26982 0.954102 0.417969 0.0351562 0.132812 
0 0.26867 0.365479 0.481445 0.0249023 0.0703125 
