3 0.9595 0.802979 0.475098 0.294434 0.461914 
3 0.954569 0.172119 0.518066 0.288574 0.37793 
3 0.935466 0.348877 0.444824 0.108887 0.170898 
3 0.888646 0.905762 0.548828 0.185547 0.716797 
3 0.872973 0.0698242 0.65332 0.140625 0.601562 
3 0.827639 0.650635 0.466797 0.0883789 0.150391 
3 0.807727 0.56543 0.416504 0.0371094 0.0615234 
3 0.609945 0.557373 0.412598 0.0317383 0.0576172 
3 0.565971 0.445801 0.420898 0.0751953 0.138672 
0 0.415188 0.432861 0.422363 0.0385742 0.157227 
3 0.383546 0.631348 0.444336 0.0673828 0.128906 
3 0.38256 0.617432 0.427734 0.0698242 0.125 
3 0.335934 0.444092 0.42041 0.117676 0.120117 
9 0.280798 0.443604 0.459961 0.0307617 0.105469 
3 0.280228 0.540283 0.410645 0.0229492 0.0439453 
3 0.268172 0.403564 0.427734 0.0639648 0.128906 
