3 0.948893 0.816162 0.433105 0.105957 0.143555 
3 0.943329 0.395264 0.416504 0.0600586 0.112305 
3 0.927999 0.915283 0.435059 0.16748 0.245117 
3 0.912954 0.715332 0.415527 0.0625 0.102539 
3 0.869055 0.571777 0.40625 0.0488281 0.0742188 
3 0.762404 0.680176 0.404785 0.0537109 0.0830078 
0 0.756667 0.0234375 0.417969 0.0302734 0.138672 
3 0.642955 0.498779 0.392578 0.034668 0.0644531 
3 0.63219 0.313477 0.437012 0.145508 0.213867 
3 0.573755 0.619629 0.398438 0.0351562 0.0527344 
3 0.474121 0.431885 0.404785 0.043457 0.0693359 
3 0.437819 0.600586 0.398926 0.0263672 0.0517578 
3 0.396174 0.445312 0.396484 0.0253906 0.0585938 
3 0.3333 0.66748 0.412109 0.03125 0.0761719 
0 0.296555 0.802246 0.365234 0.0224609 0.0566406 
0 0.290594 0.795166 0.370117 0.0161133 0.0625 
3 0.288106 0.540283 0.382812 0.0258789 0.0273438 
