0 0.853294 0.166748 0.459961 0.0708008 0.269531 
0 0.814091 0.368652 0.41748 0.0302734 0.155273 
0 0.772608 0.833984 0.419434 0.0439453 0.217773 
0 0.766751 0.508545 0.394043 0.0180664 0.0693359 
0 0.735302 0.384277 0.419922 0.0205078 0.123047 
9 0.617453 0.260986 0.456055 0.0532227 0.0742188 
0 0.584154 0.135498 0.461914 0.043457 0.25 
0 0.577418 0.486816 0.418945 0.0283203 0.126953 
0 0.516449 0.194092 0.44873 0.0454102 0.219727 
3 0.375233 0.567383 0.378906 0.0498047 0.078125 
0 0.362803 0.897705 0.388672 0.0571289 0.240234 
0 0.35069 0.709717 0.368652 0.0170898 0.0498047 
1 0.333544 0.460693 0.38916 0.0239258 0.0791016 
0 0.293322 0.377686 0.412109 0.0297852 0.152344 
5 0.292357 0.567139 0.371582 0.0629883 0.0830078 
0 0.264945 0.53833 0.398926 0.0131836 0.0458984 
0 0.263584 0.147217 0.459961 0.0473633 0.261719 
