3 0.930065 0.829346 0.385742 0.097168 0.160156 
3 0.838034 0.869873 0.351074 0.0307617 0.0732422 
3 0.815931 0.72876 0.358398 0.0249023 0.0527344 
3 0.767538 0.689209 0.379395 0.0981445 0.139648 
3 0.69269 0.648193 0.358887 0.050293 0.0830078 
3 0.671426 0.768555 0.348145 0.0263672 0.0380859 
2 0.656631 0.377197 0.392578 0.0239258 0.0996094 
9 0.546272 0.373047 0.422852 0.0283203 0.0820312 
3 0.483765 0.790283 0.351562 0.0229492 0.0527344 
3 0.425621 0.882324 0.347656 0.0263672 0.0585938 
0 0.36453 0.430908 0.370605 0.0151367 0.0693359 
