3 0.952781 0.818848 0.466309 0.168945 0.233398 
3 0.947243 0.917725 0.505859 0.165527 0.363281 
3 0.929827 0.516846 0.418945 0.0639648 0.0996094 
3 0.923072 0.73584 0.446777 0.101562 0.165039 
3 0.83669 0.649658 0.424316 0.0493164 0.106445 
3 0.824492 0.61792 0.418457 0.0405273 0.0830078 
3 0.821501 0.692871 0.433594 0.0820312 0.138672 
3 0.818524 0.573486 0.399902 0.0415039 0.0595703 
3 0.549907 0.604248 0.415039 0.0268555 0.0742188 
3 0.372625 0.244873 0.349121 0.0424805 0.0498047 
3 0.35667 0.630859 0.418945 0.0400391 0.0917969 
3 0.261204 0.551514 0.399414 0.0249023 0.0449219 
