3 0.930014 0.554932 0.367188 0.0620117 0.078125 
3 0.787098 0.626953 0.350098 0.0380859 0.0537109 
10 0.77359 0.892334 0.460449 0.157715 0.182617 
3 0.748374 0.693848 0.348633 0.0351562 0.0507812 
9 0.668912 0.950684 0.48291 0.0878906 0.172852 
3 0.610591 0.649902 0.346191 0.0302734 0.0400391 
3 0.591803 0.681641 0.350586 0.0361328 0.0527344 
3 0.540442 0.740479 0.342285 0.0454102 0.0439453 
2 0.528906 0.67041 0.387207 0.0292969 0.135742 
9 0.450425 0.924072 0.472168 0.115723 0.176758 
3 0.355878 0.584717 0.340332 0.0229492 0.0263672 
9 0.344757 0.826904 0.444336 0.0834961 0.162109 
0 0.331208 0.98999 0.38623 0.0200195 0.104492 
3 0.930014 0.554932 0.367188 0.0620117 0.078125 
3 0.787098 0.626953 0.350098 0.0380859 0.0537109 
10 0.77359 0.892334 0.460449 0.157715 0.182617 
3 0.748374 0.693848 0.348633 0.0351562 0.0507812 
9 0.668912 0.950684 0.48291 0.0878906 0.172852 
3 0.610591 0.649902 0.346191 0.0302734 0.0400391 
3 0.591803 0.681641 0.350586 0.0361328 0.0527344 
3 0.540442 0.740479 0.342285 0.0454102 0.0439453 
2 0.528906 0.67041 0.387207 0.0292969 0.135742 
9 0.450425 0.924072 0.472168 0.115723 0.176758 
3 0.355878 0.584717 0.340332 0.0229492 0.0263672 
9 0.344757 0.826904 0.444336 0.0834961 0.162109 
0 0.331208 0.98999 0.38623 0.0200195 0.104492 
