9 0.957895 0.817383 0.42334 0.0761719 0.0908203 
9 0.917801 0.912598 0.414062 0.0703125 0.09375 
0 0.863517 0.633789 0.395508 0.015625 0.0820312 
3 0.856157 0.333984 0.411621 0.0419922 0.0654297 
2 0.83377 0.660156 0.393555 0.0292969 0.117188 
2 0.829907 0.820312 0.38623 0.0371094 0.124023 
9 0.815199 0.659668 0.427734 0.0605469 0.078125 
3 0.807497 0.379395 0.402832 0.0478516 0.0673828 
9 0.754157 0.540039 0.428223 0.046875 0.0654297 
2 0.750087 0.912598 0.390625 0.0390625 0.123047 
9 0.724959 0.980957 0.414551 0.0478516 0.0927734 
2 0.689266 0.55127 0.394531 0.0205078 0.0957031 
0 0.654095 0.699707 0.398438 0.0214844 0.0996094 
0 0.638942 0.0195312 0.422363 0.0195312 0.0869141 
0 0.596323 0.599609 0.402344 0.0214844 0.0878906 
2 0.592027 0.537354 0.400879 0.0219727 0.0947266 
3 0.543842 0.290039 0.416016 0.0654297 0.0722656 
0 0.541552 0.4646 0.399414 0.0170898 0.09375 
3 0.474321 0.251953 0.417969 0.0322266 0.0546875 
0 0.459445 0.0595703 0.428711 0.0166016 0.0664062 
9 0.443812 0.489014 0.416016 0.0209961 0.0683594 
0 0.442164 0.412842 0.401855 0.0200195 0.0927734 
0 0.425852 0.479248 0.399414 0.0161133 0.0878906 
0 0.419943 0.11377 0.412109 0.0136719 0.0722656 
0 0.400349 0.551758 0.393066 0.0205078 0.0966797 
2 0.395403 0.988037 0.389648 0.0229492 0.107422 
9 0.32895 0.158936 0.425781 0.0356445 0.0859375 
0 0.328839 0.447998 0.401855 0.0161133 0.0791016 
2 0.312184 0.15918 0.424316 0.0390625 0.0869141 
0 0.286777 0.705566 0.393555 0.0185547 0.0878906 
2 0.258363 0.914795 0.411621 0.0737305 0.106445 
