0 0.961202 0.825195 0.463867 0.117188 0.400391 
0 0.860067 0.741943 0.422363 0.0297852 0.147461 
0 0.843871 0.520264 0.484863 0.123535 0.479492 
0 0.834249 0.670654 0.443848 0.0405273 0.209961 
0 0.831366 0.36792 0.458984 0.0288086 0.160156 
0 0.830802 0.231934 0.489746 0.0751953 0.489258 
0 0.814575 0.28125 0.515625 0.120117 0.46875 
0 0.809092 0.445801 0.460449 0.0517578 0.258789 
0 0.788916 0.611328 0.479492 0.0898438 0.433594 
0 0.786356 0.476562 0.450195 0.0576172 0.265625 
0 0.689258 0.769287 0.424805 0.0239258 0.152344 
0 0.500649 0.568604 0.491699 0.106934 0.456055 
0 0.458233 0.696533 0.424316 0.0258789 0.131836 
0 0.449706 0.706055 0.423828 0.0322266 0.169922 
0 0.412613 0.787354 0.433594 0.0483398 0.246094 
10 0.407825 0.91748 0.486816 0.160156 0.204102 
9 0.332981 0.91748 0.486816 0.160156 0.204102 
0 0.326622 0.726074 0.420898 0.0224609 0.0957031 
0 0.316766 0.708984 0.416016 0.0234375 0.101562 
0 0.274743 0.762207 0.422363 0.0224609 0.135742 
9 0.270837 0.948975 0.456055 0.0786133 0.167969 
0 0.254405 0.409668 0.45166 0.0205078 0.114258 
