3 0.934947 0.783447 0.463867 0.119629 0.265625 
3 0.933786 0.226562 0.487305 0.316406 0.251953 
3 0.897091 0.956299 0.560547 0.0874023 0.40625 
3 0.886849 0.884766 0.504395 0.224609 0.321289 
3 0.813509 0.663818 0.425293 0.0424805 0.0869141 
3 0.778682 0.402832 0.424316 0.118164 0.125977 
3 0.68655 0.391357 0.452148 0.0874023 0.115234 
3 0.675849 0.478271 0.422852 0.0473633 0.0664062 
3 0.65794 0.636475 0.420898 0.0336914 0.0664062 
0 0.648214 0.69458 0.427734 0.027832 0.138672 
3 0.61236 0.464844 0.429199 0.03125 0.0712891 
3 0.572034 0.603271 0.414551 0.0209961 0.0419922 
3 0.557882 0.615723 0.41748 0.0234375 0.0478516 
3 0.502957 0.489746 0.418457 0.0361328 0.0537109 
3 0.482154 0.37207 0.465332 0.0576172 0.12207 
3 0.460592 0.701172 0.429688 0.0683594 0.123047 
3 0.40648 0.571533 0.40918 0.0239258 0.03125 
3 0.382042 0.507568 0.41748 0.0200195 0.0400391 
3 0.355881 0.556885 0.409668 0.019043 0.0263672 
3 0.353844 0.0119629 0.494629 0.0239258 0.180664 
0 0.33026 0.701416 0.429688 0.0620117 0.128906 
3 0.289475 0.644775 0.421387 0.0356445 0.0712891 
