3 0.958589 0.177002 0.480957 0.223145 0.282227 
3 0.947584 0.301025 0.453125 0.114746 0.173828 
3 0.906543 0.470947 0.356445 0.197754 0.470703 
2 0.905796 0.922852 0.401367 0.0546875 0.257812 
3 0.828844 0.0610352 0.594238 0.120117 0.506836 
9 0.795632 0.927246 0.483887 0.0390625 0.147461 
3 0.728524 0.346924 0.427734 0.0522461 0.113281 
2 0.549646 0.816406 0.396973 0.0371094 0.18457 
9 0.455645 0.818848 0.430664 0.03125 0.148438 
3 0.363095 0.620361 0.410645 0.0239258 0.0361328 
3 0.334879 0.370361 0.421875 0.0249023 0.0820312 
