3 0.968532 0.384521 0.459473 0.124512 0.157227 
3 0.958933 0.549805 0.470215 0.132812 0.209961 
3 0.942779 0.0720215 0.603027 0.138184 0.52832 
0 0.794584 0.225586 0.411133 0.0253906 0.0976562 
0 0.583885 0.180176 0.431152 0.0351562 0.182617 
0 0.564661 0.153809 0.426758 0.03125 0.162109 
0 0.423836 0.169678 0.433594 0.0385742 0.179688 
0 0.282025 0.188721 0.448242 0.0366211 0.177734 
3 0.968532 0.384521 0.459473 0.124512 0.157227 
3 0.958933 0.549805 0.470215 0.132812 0.209961 
3 0.942779 0.0720215 0.603027 0.138184 0.52832 
0 0.794584 0.225586 0.411133 0.0253906 0.0976562 
0 0.583885 0.180176 0.431152 0.0351562 0.182617 
0 0.564661 0.153809 0.426758 0.03125 0.162109 
0 0.423836 0.169678 0.433594 0.0385742 0.179688 
0 0.282025 0.188721 0.448242 0.0366211 0.177734 
