3 0.957324 0.855713 0.484375 0.174316 0.240234 
3 0.943292 0.14502 0.491699 0.0791016 0.0908203 
3 0.928763 0.930664 0.511719 0.132812 0.333984 
3 0.892419 0.568604 0.441406 0.0288086 0.0527344 
3 0.779893 0.206299 0.480469 0.0522461 0.0683594 
3 0.772069 0.228516 0.476074 0.0371094 0.0615234 
3 0.720617 0.255371 0.473145 0.0332031 0.0556641 
3 0.678621 0.31958 0.463379 0.0229492 0.0341797 
3 0.670045 0.276611 0.472168 0.0297852 0.0498047 
3 0.581395 0.370605 0.453613 0.0214844 0.0263672 
3 0.48422 0.242676 0.474609 0.0322266 0.0585938 
3 0.475973 0.304688 0.465332 0.0224609 0.0400391 
3 0.430685 0.290039 0.467285 0.0302734 0.0439453 
3 0.381786 0.509277 0.444336 0.015625 0.0234375 
3 0.359586 0.379639 0.454102 0.0161133 0.0253906 
3 0.33414 0.523682 0.442871 0.019043 0.0244141 
3 0.303486 0.111816 0.495117 0.0253906 0.0703125 
3 0.292375 0.539307 0.441895 0.0209961 0.0283203 
0 0.287985 0.0134277 0.506836 0.0249023 0.148438 
0 0.271239 0.6604 0.43457 0.012207 0.0644531 
0 0.26083 0.698242 0.450195 0.0146484 0.0742188 
