3 0.949968 0.48999 0.46875 0.0795898 0.125 
3 0.934598 0.821289 0.45459 0.145508 0.120117 
3 0.931098 0.958252 0.454102 0.0786133 0.1875 
3 0.918055 0.0505371 0.458496 0.0942383 0.102539 
3 0.851804 0.739746 0.456055 0.0839844 0.107422 
3 0.82315 0.300049 0.454102 0.0297852 0.0488281 
3 0.790954 0.396729 0.445801 0.0239258 0.0302734 
3 0.780726 0.435547 0.45459 0.0449219 0.0693359 
3 0.760761 0.694336 0.453125 0.0419922 0.0878906 
3 0.704518 0.367432 0.44873 0.0258789 0.0400391 
3 0.599256 0.553955 0.451172 0.0532227 0.0585938 
0 0.594567 0.648926 0.455078 0.0214844 0.103516 
3 0.582249 0.665771 0.450684 0.034668 0.0673828 
3 0.491321 0.682861 0.450195 0.0336914 0.0722656 
0 0.446192 0.583984 0.45166 0.0244141 0.0751953 
0 0.432737 0.626465 0.45166 0.0273438 0.110352 
0 0.374454 0.570557 0.451172 0.0336914 0.0742188 
3 0.370191 0.569824 0.451172 0.0380859 0.0742188 
3 0.358533 0.707764 0.455566 0.0493164 0.0927734 
3 0.33534 0.339844 0.442383 0.0205078 0.0273438 
3 0.324329 0.347656 0.444336 0.0205078 0.0351562 
3 0.321031 0.543701 0.446289 0.0385742 0.0507812 
3 0.280175 0.29126 0.446777 0.034668 0.0478516 
3 0.275013 0.621582 0.451172 0.03125 0.09375 
3 0.267766 0.60498 0.458008 0.0302734 0.046875 
