3 0.957532 0.524414 0.486328 0.0625 0.103516 
0 0.903212 0.189453 0.484375 0.0205078 0.109375 
0 0.852131 0.12793 0.48877 0.0224609 0.114258 
0 0.806932 0.150391 0.487793 0.0205078 0.116211 
0 0.793929 0.239746 0.478027 0.0166016 0.0927734 
0 0.757165 0.697998 0.463379 0.0209961 0.118164 
0 0.719665 0.224854 0.480469 0.0170898 0.0957031 
0 0.665096 0.167725 0.483887 0.0219727 0.112305 
0 0.466298 0.212891 0.480957 0.0175781 0.0888672 
0 0.46261 0.319092 0.477051 0.0180664 0.0771484 
0 0.278804 0.556152 0.464844 0.0166016 0.0664062 
