3 0.949627 0.591797 0.479492 0.119141 0.197266 
5 0.934247 0.417969 0.392578 0.104492 0.238281 
3 0.918489 0.479248 0.45166 0.0424805 0.0751953 
9 0.828879 0.0383301 0.674316 0.0737305 0.321289 
0 0.826513 0.0842285 0.479492 0.081543 0.308594 
0 0.743997 0.252197 0.484375 0.0405273 0.201172 
0 0.715 0.32959 0.44873 0.015625 0.0830078 
9 0.690927 0.681641 0.475098 0.0703125 0.131836 
0 0.657923 0.215088 0.486816 0.0307617 0.165039 
0 0.582286 0.355957 0.449707 0.0166016 0.0791016 
0 0.524416 0.974854 0.366699 0.0405273 0.114258 
0 0.472674 0.367676 0.451172 0.0175781 0.078125 
0 0.293152 0.979248 0.388184 0.0395508 0.161133 
