3 0.939709 0.648926 0.420898 0.0546875 0.0878906 
3 0.932969 0.529541 0.453125 0.122559 0.207031 
3 0.845273 0.441895 0.384277 0.046875 0.0576172 
3 0.642591 0.333252 0.379395 0.0229492 0.0341797 
3 0.543408 0.245361 0.369141 0.0180664 0.0253906 
3 0.541058 0.382568 0.388672 0.0288086 0.0429688 
3 0.459488 0.357422 0.380859 0.0292969 0.046875 
3 0.34662 0.989502 0.398438 0.0200195 0.03125 
3 0.31874 0.257324 0.367188 0.0175781 0.0234375 
3 0.302741 0.473877 0.390137 0.0229492 0.0478516 
3 0.265791 0.585449 0.38623 0.0302734 0.0400391 
3 0.250353 0.466309 0.392578 0.0224609 0.0429688 
