3 0.957239 0.889648 0.549805 0.217773 0.351562 
3 0.92669 0.646729 0.431641 0.133301 0.132812 
3 0.905104 0.24585 0.502441 0.160645 0.208008 
3 0.859411 0.137207 0.411621 0.15332 0.147461 
3 0.803653 0.814941 0.483398 0.145508 0.230469 
5 0.750808 0.539795 0.390625 0.11377 0.134766 
0 0.747042 0.711182 0.44873 0.0541992 0.235352 
3 0.743126 0.491943 0.427246 0.0327148 0.0537109 
3 0.592926 0.473633 0.420898 0.0283203 0.0488281 
3 0.490714 0.589355 0.432617 0.0439453 0.0957031 
3 0.451935 0.548096 0.395508 0.102051 0.144531 
3 0.433271 0.14624 0.422363 0.10498 0.12793 
3 0.400004 0.756836 0.447754 0.166016 0.200195 
3 0.370768 0.0559082 0.417969 0.0463867 0.0644531 
0 0.257397 0.540283 0.428711 0.0219727 0.078125 
0 0.252911 0.00634766 0.418945 0.0126953 0.0917969 
