0 0.938118 0.581055 0.472168 0.105469 0.47168 
0 0.905879 0.198975 0.491699 0.0756836 0.352539 
0 0.881167 0.976807 0.408691 0.0512695 0.342773 
0 0.837951 0.145752 0.432129 0.0258789 0.137695 
0 0.793598 0.723633 0.412109 0.0390625 0.205078 
0 0.758433 0.257568 0.425781 0.0200195 0.0878906 
0 0.663988 0.614502 0.393555 0.0219727 0.111328 
0 0.566966 0.118408 0.44043 0.0356445 0.152344 
0 0.519408 0.380371 0.507324 0.131836 0.34082 
0 0.4676 0.242676 0.427246 0.0195312 0.0908203 
0 0.386231 0.319092 0.412109 0.019043 0.0644531 
0 0.385016 0.52002 0.401367 0.0214844 0.0859375 
0 0.327455 0.491455 0.391113 0.0180664 0.0849609 
2 0.313835 0.45166 0.397949 0.015625 0.0830078 
0 0.288044 0.510254 0.394043 0.0185547 0.0888672 
