3 0.95036 0.399658 0.477539 0.102051 0.175781 
3 0.897455 0.556152 0.426758 0.0439453 0.078125 
3 0.88371 0.640869 0.432129 0.0942383 0.241211 
3 0.776814 0.432129 0.460449 0.0673828 0.141602 
3 0.737576 0.689209 0.482422 0.13916 0.199219 
3 0.726331 0.465576 0.45459 0.0258789 0.0849609 
3 0.641298 0.472412 0.446289 0.0317383 0.0703125 
3 0.551857 0.156006 0.630371 0.304199 0.575195 
10 0.546031 0.317383 0.45166 0.0576172 0.112305 
3 0.542105 0.873291 0.614258 0.243652 0.537109 
3 0.42226 0.590088 0.45752 0.0317383 0.106445 
9 0.264143 0.304932 0.476074 0.0336914 0.0888672 
3 0.256453 0.538086 0.428711 0.0253906 0.0625 
