3 0.957952 0.353271 0.491699 0.131348 0.22168 
3 0.952453 0.865967 0.536621 0.256348 0.698242 
3 0.927093 0.645508 0.483398 0.0888672 0.201172 
3 0.912564 0.129395 0.677246 0.256836 0.639648 
3 0.807221 0.418457 0.466797 0.0517578 0.126953 
3 0.76224 0.583984 0.453613 0.0654297 0.100586 
3 0.722628 0.55542 0.445312 0.0327148 0.0839844 
3 0.697087 0.444092 0.455078 0.0336914 0.0859375 
9 0.671838 0.197998 0.491699 0.0551758 0.12793 
3 0.425096 0.430664 0.460938 0.0400391 0.105469 
0 0.395095 0.478516 0.443848 0.0214844 0.0888672 
3 0.378991 0.460693 0.447754 0.0268555 0.0732422 
3 0.368504 0.721924 0.498047 0.147949 0.328125 
3 0.273838 0.538086 0.431641 0.0234375 0.0527344 
3 0.261341 0.479736 0.432617 0.0229492 0.0527344 
9 0.254198 0.596924 0.467285 0.0532227 0.108398 
3 0.253154 0.403809 0.479004 0.0390625 0.145508 
