3 0.951045 0.534668 0.47998 0.0976562 0.196289 
3 0.949322 0.220215 0.536621 0.248047 0.34668 
3 0.939676 0.851807 0.480469 0.269043 0.382812 
3 0.918749 0.428955 0.476562 0.0541992 0.0976562 
3 0.621728 0.449463 0.462402 0.0375977 0.0712891 
3 0.611764 0.460205 0.464355 0.0288086 0.0556641 
3 0.452744 0.351318 0.473145 0.0268555 0.0361328 
3 0.439946 0.383545 0.470215 0.034668 0.0419922 
3 0.36573 0.364746 0.472168 0.0224609 0.0322266 
3 0.321738 0.336182 0.473145 0.0288086 0.0341797 
3 0.321526 0.395996 0.466797 0.0273438 0.0410156 
