9 0.96033 0.236084 0.544922 0.17334 0.1875 
3 0.922156 0.512451 0.445801 0.0512695 0.0771484 
3 0.905693 0.386475 0.441895 0.0375977 0.0576172 
3 0.892599 0.0437012 0.486816 0.0883789 0.200195 
3 0.822683 0.265869 0.45166 0.14502 0.129883 
2 0.662825 0.227051 0.454102 0.0888672 0.259766 
3 0.627433 0.350098 0.439453 0.0332031 0.0488281 
2 0.613422 0.929932 0.421875 0.043457 0.177734 
0 0.473334 0.68042 0.412109 0.0131836 0.0605469 
3 0.443179 0.976318 0.42627 0.0463867 0.102539 
3 0.441154 0.403076 0.435547 0.0307617 0.0507812 
3 0.438725 0.339111 0.442383 0.0219727 0.046875 
0 0.430451 0.112793 0.446289 0.0185547 0.0703125 
9 0.371864 0.931641 0.452637 0.0566406 0.102539 
0 0.305726 0.650391 0.415039 0.0126953 0.0644531 
9 0.279669 0.941162 0.473633 0.0415039 0.117188 
3 0.279084 0.443604 0.423828 0.0170898 0.0195312 
3 0.273411 0.989746 0.425293 0.0205078 0.114258 
3 0.272763 0.432373 0.425781 0.0200195 0.0253906 
3 0.250549 0.408203 0.433105 0.0185547 0.0400391 
