3 0.966963 0.349609 0.487305 0.116211 0.181641 
9 0.870578 0.0432129 0.57666 0.0834961 0.274414 
0 0.854174 0.110352 0.472168 0.0341797 0.180664 
3 0.851699 0.431641 0.477051 0.0351562 0.0712891 
0 0.803943 0.149658 0.48584 0.0356445 0.180664 
3 0.789964 0.532715 0.467773 0.0791016 0.130859 
0 0.763261 0.173584 0.476074 0.0375977 0.182617 
2 0.69172 0.0266113 0.475098 0.0551758 0.334961 
3 0.6668 0.403809 0.48877 0.0361328 0.0986328 
0 0.657297 0.913574 0.490234 0.0947266 0.408203 
0 0.577478 0.471191 0.475586 0.0664062 0.230469 
9 0.556621 0.870117 0.554199 0.0693359 0.186523 
3 0.544276 0.41748 0.484863 0.0419922 0.0908203 
0 0.508195 0.238281 0.477051 0.0205078 0.0849609 
9 0.453594 0.907471 0.52002 0.111816 0.321289 
0 0.433855 0.956299 0.458984 0.0415039 0.228516 
3 0.417591 0.442139 0.475098 0.0229492 0.0634766 
0 0.411553 0.231445 0.476074 0.0185547 0.0849609 
0 0.408754 0.302002 0.451172 0.0200195 0.0644531 
0 0.372771 0.133789 0.484375 0.0292969 0.171875 
9 0.352985 0.963379 0.54541 0.0703125 0.219727 
0 0.333645 0.262695 0.472656 0.0214844 0.0957031 
0 0.313181 0.973877 0.454102 0.0483398 0.382812 
0 0.289241 0.977051 0.424805 0.0498047 0.238281 
0 0.266286 0.293945 0.461426 0.0185547 0.0732422 
