3 0.930752 0.281982 0.527832 0.188965 0.260742 
3 0.919296 0.901855 0.612793 0.195312 0.547852 
3 0.905657 0.68335 0.504395 0.10791 0.166992 
3 0.871755 0.629639 0.489746 0.0571289 0.137695 
3 0.826773 0.415771 0.462891 0.0600586 0.121094 
9 0.761909 0.123291 0.482422 0.0473633 0.134766 
3 0.746241 0.402344 0.480469 0.0507812 0.115234 
3 0.733709 0.445801 0.462891 0.0253906 0.0742188 
3 0.717087 0.60376 0.478516 0.0424805 0.111328 
3 0.688693 0.56665 0.461914 0.0454102 0.0742188 
3 0.677775 0.391357 0.484863 0.0561523 0.131836 
3 0.670679 0.461914 0.450195 0.0283203 0.0605469 
0 0.645567 0.506348 0.445801 0.0107422 0.0419922 
3 0.608151 0.0297852 0.707031 0.0605469 0.578125 
3 0.568753 0.37085 0.50293 0.0561523 0.166016 
3 0.564718 0.588379 0.472656 0.0380859 0.09375 
4 0.522045 0.540283 0.454102 0.0288086 0.0507812 
3 0.475451 0.613281 0.484375 0.0498047 0.113281 
9 0.446814 0.793213 0.507812 0.0336914 0.0917969 
3 0.336851 0.552246 0.459473 0.0292969 0.0673828 
10 0.321818 0.205322 0.492188 0.0463867 0.115234 
