3 0.963309 0.730469 0.487793 0.119141 0.165039 
3 0.952751 0.857666 0.52832 0.230957 0.253906 
3 0.927226 0.516357 0.448242 0.0600586 0.103516 
3 0.880484 0.669189 0.471191 0.065918 0.129883 
3 0.708636 0.935303 0.644043 0.129395 0.516602 
3 0.668594 0.630127 0.461426 0.0356445 0.0810547 
3 0.664012 0.620361 0.456055 0.0356445 0.078125 
3 0.650091 0.603027 0.448242 0.0273438 0.0664062 
3 0.525239 0.585938 0.442871 0.0244141 0.0537109 
3 0.489468 0.556152 0.432129 0.0273438 0.0478516 
3 0.428772 0.567627 0.433594 0.0249023 0.0507812 
0 0.413186 0.93457 0.397461 0.0410156 0.0898438 
3 0.333586 0.448486 0.415527 0.0170898 0.0341797 
0 0.304429 0.884766 0.390137 0.0332031 0.0595703 
3 0.271204 0.572998 0.439453 0.0209961 0.0449219 
3 0.251287 0.642578 0.471191 0.0332031 0.0908203 
