5 0.960005 0.661865 0.365234 0.103027 0.230469 
3 0.899793 0.510986 0.418457 0.0307617 0.0498047 
3 0.895387 0.74707 0.459473 0.150391 0.211914 
3 0.720047 0.601807 0.414551 0.0249023 0.0341797 
3 0.668871 0.690918 0.45752 0.0498047 0.149414 
0 0.540964 0.415771 0.412598 0.0141602 0.0615234 
3 0.538394 0.537598 0.417969 0.0244141 0.0351562 
0 0.456045 0.180176 0.433594 0.0224609 0.0957031 
0 0.395172 0.396973 0.41748 0.015625 0.0595703 
3 0.317163 0.554443 0.416504 0.0209961 0.0361328 
3 0.256911 0.569336 0.414551 0.0224609 0.0244141 
