3 0.947926 0.210693 0.467773 0.215332 0.154297 
9 0.91528 0.614014 0.517578 0.126465 0.158203 
0 0.856191 0.0407715 0.469727 0.0825195 0.380859 
3 0.828109 0.665527 0.485352 0.078125 0.130859 
3 0.82211 0.700684 0.477539 0.0283203 0.0898438 
2 0.813368 0.793701 0.460449 0.0307617 0.124023 
9 0.732573 0.36084 0.461914 0.0703125 0.101562 
9 0.709726 0.873291 0.569336 0.145996 0.193359 
3 0.617531 0.0766602 0.439941 0.132812 0.147461 
9 0.596569 0.79248 0.492676 0.0214844 0.0888672 
3 0.58291 0.707031 0.474121 0.0283203 0.0810547 
2 0.573905 0.618652 0.468262 0.0585938 0.194336 
9 0.546515 0.428223 0.468262 0.0800781 0.100586 
3 0.49378 0.888428 0.521973 0.14209 0.204102 
3 0.395188 0.820312 0.462891 0.0322266 0.0683594 
3 0.379573 0.713867 0.466309 0.0361328 0.0771484 
3 0.287498 0.722412 0.46582 0.027832 0.0585938 
0 0.280233 0.0192871 0.473633 0.0395508 0.359375 
3 0.269526 0.868408 0.467285 0.0717773 0.116211 
