3 0.931107 0.0412598 0.494141 0.081543 0.0839844 
3 0.927246 0.455811 0.466797 0.0883789 0.136719 
3 0.791784 0.491943 0.451172 0.0385742 0.0820312 
3 0.77737 0.378418 0.456055 0.0517578 0.0976562 
0 0.606563 0.568848 0.429199 0.0205078 0.0947266 
3 0.571891 0.662354 0.425293 0.0756836 0.0595703 
2 0.553113 0.362061 0.45459 0.027832 0.124023 
0 0.352268 0.326172 0.442871 0.0117188 0.0576172 
9 0.331992 0.0822754 0.484863 0.0249023 0.0693359 
9 0.324171 0.910645 0.429688 0.0498047 0.119141 
3 0.323009 0.726074 0.397461 0.0986328 0.0546875 
10 0.309894 0.115479 0.478516 0.0463867 0.0566406 
3 0.307742 0.771729 0.418457 0.0668945 0.100586 
6 0.305761 0.521729 0.40918 0.131348 0.113281 
10 0.292595 0.13623 0.476074 0.0361328 0.0537109 
9 0.292385 0.362305 0.474121 0.0234375 0.0791016 
3 0.291132 0.707764 0.415039 0.133301 0.0839844 
0 0.282921 0.0822754 0.484863 0.0249023 0.0693359 
