3 0.960417 0.633301 0.583984 0.289062 0.470703 
3 0.862667 0.955566 0.56543 0.0898438 0.470703 
3 0.833136 0.861572 0.411621 0.050293 0.0693359 
3 0.799308 0.816406 0.408691 0.0527344 0.0654297 
9 0.578679 0.137695 0.459961 0.0322266 0.0839844 
3 0.528725 0.756104 0.407715 0.0444336 0.0478516 
9 0.498443 0.219727 0.45752 0.0380859 0.0771484 
0 0.462561 0.449219 0.445312 0.015625 0.0800781 
2 0.441622 0.217773 0.451172 0.0302734 0.0878906 
3 0.30396 0.856201 0.402344 0.0385742 0.0625 
9 0.26331 0.222168 0.470215 0.0595703 0.0556641 
