9 0.969779 0.355957 0.519043 0.0830078 0.237305 
3 0.951091 0.611328 0.459961 0.119141 0.185547 
3 0.895016 0.923096 0.63623 0.151855 0.512695 
0 0.880233 0.32959 0.451172 0.0566406 0.328125 
9 0.849429 0.504639 0.541016 0.0581055 0.169922 
3 0.84593 0.881836 0.540527 0.165039 0.329102 
0 0.818324 0.450928 0.445801 0.0356445 0.174805 
9 0.767163 0.678711 0.475586 0.0263672 0.0605469 
2 0.624431 0.510986 0.475098 0.0541992 0.25293 
0 0.555004 0.766357 0.459961 0.0249023 0.111328 
0 0.38732 0.511963 0.476562 0.0483398 0.244141 
3 0.295161 0.809082 0.539551 0.0410156 0.163086 
