3 0.944129 0.785645 0.462402 0.235352 0.217773 
3 0.943145 0.0827637 0.513672 0.164551 0.201172 
3 0.906532 0.541016 0.419922 0.0400391 0.0703125 
3 0.889541 0.176514 0.484375 0.11377 0.150391 
3 0.852444 0.292236 0.457031 0.102051 0.103516 
3 0.783657 0.353027 0.445801 0.0683594 0.0849609 
3 0.733495 0.452148 0.435547 0.0595703 0.0878906 
3 0.72718 0.606445 0.415527 0.0556641 0.0908203 
3 0.707411 0.678711 0.452637 0.0664062 0.139648 
3 0.706457 0.381348 0.431641 0.0634766 0.0742188 
3 0.701825 0.247559 0.474609 0.110352 0.130859 
3 0.653335 0.696533 0.454102 0.0883789 0.158203 
3 0.616217 0.633057 0.427734 0.050293 0.0976562 
3 0.563492 0.668213 0.427734 0.0756836 0.105469 
3 0.479169 0.617676 0.419922 0.0478516 0.0839844 
3 0.458487 0.143555 0.496094 0.105469 0.152344 
3 0.43167 0.48999 0.411133 0.0297852 0.0390625 
3 0.424911 0.507324 0.411133 0.0263672 0.0371094 
3 0.402853 0.665527 0.447754 0.0605469 0.120117 
3 0.3689 0.647949 0.430664 0.0673828 0.107422 
4 0.267445 0.481445 0.411133 0.0292969 0.0371094 
3 0.257458 0.336914 0.451172 0.0585938 0.0859375 
