3 0.957179 0.457275 0.47998 0.124512 0.18457 
3 0.951635 0.0722656 0.443848 0.142578 0.249023 
3 0.946525 0.743408 0.489258 0.106934 0.210938 
3 0.843271 0.681396 0.465332 0.059082 0.114258 
3 0.772443 0.648926 0.454102 0.0292969 0.0800781 
3 0.74981 0.51001 0.460938 0.0454102 0.132812 
0 0.704922 0.577637 0.450195 0.0371094 0.160156 
3 0.666321 0.631836 0.443359 0.0361328 0.0664062 
3 0.643353 0.524414 0.445312 0.0322266 0.0996094 
4 0.615789 0.556641 0.425781 0.0253906 0.046875 
3 0.546336 0.875977 0.541016 0.238281 0.351562 
3 0.434624 0.659668 0.460449 0.0351562 0.0966797 
3 0.29081 0.537354 0.430664 0.0249023 0.0644531 
