3 0.950499 0.147705 0.527832 0.196777 0.223633 
3 0.950311 0.263184 0.48291 0.108398 0.180664 
3 0.936009 0.537354 0.445312 0.0415039 0.0703125 
3 0.932025 0.333984 0.461426 0.0810547 0.143555 
3 0.839574 0.416748 0.425781 0.0522461 0.0957031 
3 0.82257 0.385498 0.459961 0.043457 0.0957031 
3 0.688288 0.39917 0.458008 0.0366211 0.0859375 
3 0.655401 0.0300293 0.572754 0.0610352 0.323242 
3 0.609999 0.446533 0.446289 0.0200195 0.0585938 
0 0.552132 0.691162 0.439453 0.0180664 0.09375 
3 0.478697 0.49585 0.429199 0.0180664 0.0322266 
3 0.476484 0.059082 0.486816 0.0820312 0.129883 
3 0.41624 0.458252 0.441406 0.0200195 0.0488281 
3 0.413866 0.474609 0.429199 0.0273438 0.0576172 
3 0.369574 0.46167 0.43457 0.0249023 0.0546875 
3 0.35477 0.632324 0.431641 0.0351562 0.0390625 
3 0.314315 0.614502 0.434082 0.0239258 0.0322266 
3 0.311858 0.0397949 0.529297 0.0698242 0.234375 
3 0.310824 0.50293 0.427734 0.015625 0.0253906 
3 0.273156 0.644287 0.428711 0.0454102 0.0488281 
