0 0.851806 0.601074 0.447754 0.0292969 0.145508 
0 0.818008 0.020752 0.544922 0.0424805 0.291016 
2 0.801064 0.297852 0.45459 0.0244141 0.112305 
0 0.761112 0.177002 0.468262 0.0317383 0.178711 
0 0.748046 0.148926 0.484863 0.0263672 0.151367 
0 0.704221 0.0559082 0.532715 0.0522461 0.25293 
9 0.685022 0.298096 0.483887 0.0170898 0.0712891 
0 0.676956 0.869385 0.416504 0.0356445 0.15332 
0 0.653416 0.130615 0.490234 0.0288086 0.164062 
0 0.607733 0.743652 0.444336 0.0488281 0.183594 
0 0.605225 0.460449 0.440918 0.0244141 0.120117 
0 0.598098 0.113037 0.492188 0.027832 0.175781 
0 0.588616 0.652832 0.432129 0.0283203 0.15332 
0 0.563504 0.0686035 0.515137 0.0483398 0.241211 
0 0.504128 0.697021 0.416992 0.0258789 0.109375 
0 0.485176 0.905273 0.417969 0.0253906 0.150391 
0 0.478652 0.659668 0.424805 0.0273438 0.152344 
9 0.461948 0.621582 0.478516 0.0283203 0.0859375 
0 0.422149 0.083252 0.509766 0.0307617 0.181641 
0 0.379561 0.628174 0.433105 0.0239258 0.155273 
0 0.374074 0.10498 0.492676 0.0302734 0.176758 
9 0.306862 0.700928 0.443359 0.0991211 0.0800781 
10 0.288906 0.700928 0.443359 0.0991211 0.0800781 
0 0.275259 0.857178 0.422852 0.0258789 0.132812 
