3 0.945953 0.520508 0.476074 0.0820312 0.135742 
3 0.944882 0.157471 0.567871 0.311035 0.387695 
3 0.8033 0.376221 0.480469 0.097168 0.146484 
0 0.768245 0.807129 0.435059 0.0244141 0.116211 
3 0.738101 0.58667 0.45459 0.0405273 0.0986328 
3 0.636344 0.436035 0.441406 0.0664062 0.113281 
3 0.627326 0.0500488 0.52832 0.0991211 0.205078 
3 0.562058 0.465332 0.446289 0.0205078 0.0664062 
3 0.542761 0.311279 0.473633 0.0727539 0.125 
0 0.504698 0.779785 0.432129 0.0224609 0.120117 
3 0.473288 0.474365 0.443848 0.027832 0.0537109 
5 0.424632 0.683838 0.380859 0.181152 0.398438 
3 0.395048 0.57251 0.44873 0.0268555 0.0751953 
3 0.277856 0.556885 0.429688 0.0239258 0.0449219 
