3 0.940388 0.521729 0.453613 0.0551758 0.0947266 
3 0.91563 0.169922 0.478516 0.0888672 0.121094 
3 0.914627 0.233643 0.473145 0.0668945 0.0986328 
3 0.905685 0.318115 0.458008 0.0405273 0.0683594 
0 0.800496 0.838135 0.450684 0.0258789 0.15918 
3 0.742793 0.429932 0.442871 0.0200195 0.0341797 
3 0.671491 0.280518 0.467773 0.059082 0.078125 
3 0.650932 0.0947266 0.496582 0.103516 0.151367 
3 0.628322 0.407715 0.442871 0.0263672 0.0419922 
0 0.593142 0.855713 0.455566 0.0385742 0.137695 
3 0.588127 0.460938 0.442871 0.0224609 0.0361328 
3 0.579831 0.447754 0.443359 0.0224609 0.0332031 
3 0.536291 0.03125 0.493652 0.0654297 0.336914 
0 0.322441 0.755371 0.423828 0.0224609 0.0664062 
0 0.306209 0.811523 0.424316 0.0253906 0.114258 
