3 0.949748 0.839355 0.546387 0.241211 0.299805 
3 0.939026 0.181641 0.554688 0.234375 0.289062 
3 0.903777 0.60498 0.473145 0.0566406 0.0830078 
3 0.896147 0.724121 0.510742 0.0791016 0.193359 
3 0.87787 0.360596 0.492676 0.0756836 0.151367 
3 0.821219 0.400635 0.482422 0.0424805 0.101562 
3 0.810347 0.309326 0.51416 0.0991211 0.186523 
3 0.756802 0.427002 0.475098 0.0317383 0.0771484 
3 0.598497 0.554932 0.460938 0.0258789 0.0410156 
3 0.565061 0.447266 0.46582 0.0273438 0.0566406 
3 0.448211 0.414551 0.477051 0.0390625 0.0888672 
3 0.429856 0.56958 0.464844 0.0288086 0.0625 
3 0.417829 0.510254 0.461914 0.0302734 0.0371094 
3 0.374209 0.520996 0.462891 0.0341797 0.0351562 
10 0.263388 0.661865 0.473633 0.050293 0.0605469 
