3 0.954891 0.678223 0.458984 0.131836 0.205078 
3 0.94512 0.862793 0.535645 0.198242 0.272461 
3 0.929051 0.342529 0.46875 0.118652 0.205078 
3 0.861576 0.934814 0.598145 0.133301 0.46582 
3 0.704023 0.019043 0.527344 0.0361328 0.214844 
3 0.604836 0.597412 0.468262 0.0649414 0.118164 
3 0.53793 0.561279 0.460938 0.0561523 0.0976562 
3 0.535025 0.745117 0.501465 0.126953 0.194336 
0 0.515761 0.410156 0.452148 0.0185547 0.0898438 
0 0.430295 0.430664 0.457031 0.0205078 0.0800781 
3 0.412516 0.478516 0.447754 0.0224609 0.0498047 
3 0.339025 0.45752 0.44873 0.0283203 0.0615234 
0 0.333492 0.445801 0.453125 0.0253906 0.078125 
3 0.250639 0.492432 0.448242 0.0336914 0.0585938 
