0 0.915389 0.836182 0.470215 0.0620117 0.30957 
2 0.896271 0.358643 0.466797 0.0932617 0.417969 
0 0.831547 0.794189 0.47168 0.043457 0.230469 
0 0.748629 0.676514 0.456543 0.0307617 0.137695 
0 0.709356 0.752197 0.471191 0.0571289 0.276367 
0 0.707501 0.699707 0.454102 0.0234375 0.121094 
9 0.702108 0.353271 0.606934 0.0776367 0.288086 
0 0.686233 0.168945 0.428223 0.0185547 0.0888672 
0 0.677586 0.457275 0.446777 0.0239258 0.0986328 
0 0.651112 0.712646 0.454102 0.0229492 0.117188 
0 0.59403 0.652344 0.44873 0.0214844 0.0908203 
0 0.533002 0.490723 0.455078 0.0205078 0.0917969 
9 0.495214 0.177979 0.473633 0.0444336 0.0839844 
0 0.494405 0.477539 0.450195 0.0195312 0.0898438 
0 0.481806 0.117432 0.451172 0.0268555 0.09375 
0 0.473607 0.423828 0.447754 0.0234375 0.100586 
0 0.472793 0.634277 0.44873 0.0224609 0.0986328 
10 0.450717 0.288818 0.450195 0.0541992 0.0566406 
9 0.449598 0.565674 0.490234 0.0239258 0.0996094 
2 0.410968 0.560547 0.453613 0.0361328 0.133789 
0 0.394155 0.508545 0.458008 0.019043 0.0859375 
0 0.380299 0.539795 0.454102 0.0170898 0.0742188 
9 0.369795 0.166016 0.473145 0.0302734 0.0888672 
9 0.365664 0.196533 0.474609 0.0375977 0.0898438 
0 0.354183 0.143066 0.428711 0.0214844 0.0878906 
3 0.322168 0.897705 0.494629 0.122559 0.202148 
0 0.309198 0.0227051 0.433594 0.0219727 0.164062 
0 0.277195 0.166016 0.455078 0.0244141 0.109375 
0 0.259792 0.0717773 0.422363 0.0185547 0.114258 
