3 0.951513 0.0751953 0.492188 0.15332 0.255859 
0 0.891244 0.213867 0.457031 0.0322266 0.166016 
0 0.865054 0.881104 0.460938 0.0307617 0.125 
0 0.836625 0.849365 0.463379 0.0288086 0.118164 
0 0.757266 0.367188 0.459961 0.0302734 0.136719 
0 0.663585 0.794189 0.453613 0.0180664 0.0849609 
0 0.558678 0.712402 0.443848 0.0126953 0.0537109 
3 0.44691 0.566162 0.44043 0.0200195 0.0292969 
3 0.402202 0.633789 0.44873 0.0185547 0.0419922 
0 0.373063 0.332764 0.455078 0.0209961 0.0976562 
3 0.354105 0.585693 0.439941 0.0209961 0.0244141 
3 0.343784 0.560791 0.441406 0.019043 0.0292969 
