3 0.891704 0.47583 0.432129 0.0375977 0.0732422 
3 0.809164 0.524414 0.442871 0.0322266 0.0537109 
3 0.804993 0.610352 0.430664 0.0712891 0.09375 
2 0.791796 0.750977 0.429199 0.0244141 0.110352 
3 0.689794 0.164062 0.445801 0.0527344 0.0498047 
3 0.688372 0.0268555 0.453125 0.0546875 0.0644531 
0 0.668154 0.678467 0.428223 0.0180664 0.0830078 
0 0.640192 0.693359 0.428223 0.0166016 0.0869141 
3 0.575383 0.103271 0.429199 0.112793 0.0791016 
3 0.559333 0.195801 0.45166 0.0332031 0.0400391 
3 0.545327 0.302734 0.443359 0.0273438 0.03125 
9 0.517169 0.751465 0.456543 0.0166016 0.0693359 
3 0.449088 0.580322 0.443359 0.0258789 0.0566406 
3 0.437648 0.277832 0.444824 0.0273438 0.0302734 
3 0.436367 0.552246 0.430176 0.0195312 0.0302734 
3 0.433707 0.287842 0.444336 0.034668 0.0332031 
3 0.364314 0.0864258 0.441895 0.078125 0.0693359 
3 0.347196 0.175537 0.450684 0.0444336 0.0419922 
0 0.310547 0.667725 0.425293 0.0151367 0.0771484 
0 0.295549 0.722656 0.433105 0.0205078 0.0888672 
3 0.291759 0.33667 0.433594 0.034668 0.0351562 
3 0.289366 0.41748 0.434082 0.0263672 0.0302734 
3 0.272381 0.506104 0.429688 0.0209961 0.0253906 
