3 0.931926 0.747559 0.473633 0.166992 0.261719 
0 0.916018 0.852295 0.430176 0.0180664 0.0908203 
2 0.812569 0.285645 0.430176 0.0390625 0.155273 
0 0.750788 0.010498 0.458496 0.0219727 0.198242 
3 0.743795 0.680664 0.448242 0.0439453 0.138672 
9 0.742882 0.291016 0.473633 0.0292969 0.0878906 
9 0.661553 0.20874 0.475586 0.0268555 0.0898438 
2 0.621878 0.32666 0.433594 0.03125 0.134766 
9 0.527604 0.415283 0.465332 0.0327148 0.0537109 
0 0.516542 0.257812 0.446777 0.0205078 0.0751953 
9 0.511928 0.32666 0.473633 0.0263672 0.0917969 
0 0.417534 0.0500488 0.455566 0.0209961 0.100586 
0 0.307763 0.0371094 0.457031 0.0224609 0.107422 
0 0.294293 0.165527 0.447754 0.0185547 0.0673828 
0 0.2705 0.348877 0.431152 0.0209961 0.108398 
