0 0.825693 0.414062 0.433105 0.0166016 0.0849609 
0 0.794476 0.716309 0.469727 0.0341797 0.212891 
2 0.791928 0.510254 0.427246 0.0205078 0.0947266 
0 0.763181 0.619873 0.431641 0.0200195 0.107422 
3 0.701147 0.789551 0.458496 0.12207 0.165039 
9 0.70074 0.21167 0.445312 0.0268555 0.0820312 
0 0.693278 0.118896 0.461426 0.0541992 0.180664 
0 0.672227 0.752197 0.46875 0.0512695 0.251953 
0 0.641139 0.572998 0.434082 0.0180664 0.0947266 
9 0.586781 0.509521 0.456055 0.0151367 0.0605469 
0 0.584146 0.91748 0.420898 0.0380859 0.111328 
0 0.559634 0.555664 0.432617 0.0175781 0.0742188 
9 0.540001 0.723633 0.509277 0.0214844 0.0986328 
0 0.525259 0.539307 0.433105 0.0151367 0.0615234 
10 0.510175 0.887939 0.529297 0.189941 0.195312 
0 0.503323 0.588867 0.431641 0.0205078 0.09375 
0 0.501298 0.832764 0.428711 0.0317383 0.134766 
3 0.478242 0.792236 0.456543 0.0893555 0.12793 
0 0.433507 0.350586 0.429199 0.0136719 0.0537109 
9 0.405791 0.834473 0.511719 0.0830078 0.152344 
9 0.398598 0.880859 0.518066 0.182617 0.174805 
0 0.346585 0.635254 0.433105 0.015625 0.0771484 
0 0.333366 0.59668 0.434082 0.0175781 0.0830078 
9 0.295942 0.117432 0.475098 0.0756836 0.118164 
0 0.271716 0.378662 0.431641 0.012207 0.0507812 
