3 0.962962 0.867432 0.523926 0.266113 0.401367 
3 0.951262 0.30957 0.492188 0.12207 0.164062 
3 0.938193 0.54248 0.459961 0.078125 0.125 
3 0.905839 0.403809 0.458496 0.0761719 0.104492 
0 0.868399 0.167969 0.450684 0.0410156 0.168945 
3 0.851322 0.948975 0.693848 0.102051 0.467773 
0 0.844131 0.252441 0.447266 0.0244141 0.107422 
9 0.791187 0.697998 0.487793 0.0522461 0.170898 
3 0.787759 0.521973 0.415527 0.0712891 0.135742 
9 0.760296 0.128418 0.47998 0.0410156 0.0986328 
9 0.744102 0.0134277 0.509766 0.0268555 0.126953 
6 0.639445 0.398438 0.395508 0.182617 0.144531 
3 0.514568 0.569336 0.416016 0.0263672 0.0449219 
3 0.337285 0.510986 0.451172 0.034668 0.0898438 
0 0.331536 0.632568 0.415527 0.0170898 0.0712891 
0 0.298789 0.645264 0.419434 0.0170898 0.0693359 
9 0.294533 0.193604 0.470703 0.050293 0.0917969 
3 0.26792 0.482178 0.388672 0.019043 0.0351562 
0 0.262141 0.66626 0.427246 0.0180664 0.0732422 
