0 0.892679 0.457031 0.458984 0.0439453 0.244141 
9 0.840649 0.202881 0.533203 0.101074 0.330078 
0 0.830439 0.400635 0.460449 0.0366211 0.231445 
0 0.797683 0.650391 0.452148 0.0449219 0.201172 
9 0.757375 0.274414 0.469727 0.0849609 0.175781 
0 0.73391 0.690186 0.448242 0.0415039 0.214844 
0 0.677855 0.855225 0.456543 0.034668 0.155273 
0 0.604787 0.976074 0.473633 0.0292969 0.115234 
9 0.594241 0.868408 0.484863 0.0463867 0.120117 
0 0.526546 0.50708 0.422363 0.0200195 0.0751953 
9 0.440252 0.861816 0.46582 0.0449219 0.150391 
0 0.285559 0.866943 0.458984 0.0336914 0.162109 
