3 0.944993 0.55957 0.469727 0.116211 0.146484 
0 0.939089 0.887451 0.530273 0.097168 0.501953 
0 0.938758 0.401611 0.533203 0.10791 0.367188 
9 0.84596 0.0354004 0.770996 0.0727539 0.34668 
0 0.842828 0.182129 0.443359 0.0263672 0.115234 
10 0.783145 0.720947 0.473633 0.233887 0.125 
10 0.713863 0.148682 0.572266 0.17627 0.298828 
2 0.654428 0.0454102 0.535645 0.0986328 0.62793 
0 0.607706 0.367432 0.454102 0.0336914 0.167969 
0 0.559611 0.0898438 0.421387 0.0283203 0.116211 
0 0.444447 0.652344 0.419434 0.0205078 0.0712891 
0 0.441951 0.205811 0.442383 0.0307617 0.125 
0 0.436589 0.197998 0.44043 0.0336914 0.130859 
0 0.400485 0.752686 0.409668 0.019043 0.0556641 
0 0.362545 0.790771 0.413086 0.019043 0.0546875 
10 0.332807 0.322998 0.492676 0.112793 0.137695 
0 0.306113 0.338135 0.44873 0.0200195 0.0712891 
0 0.30237 0.614746 0.425781 0.0205078 0.0820312 
0 0.296047 0.22168 0.425293 0.0263672 0.151367 
0 0.28021 0.683594 0.413574 0.0205078 0.0634766 
10 0.269127 0.473633 0.452637 0.0908203 0.0771484 
0 0.263901 0.599121 0.422852 0.0205078 0.0742188 
