3 0.953727 0.0375977 0.48877 0.0771484 0.145508 
3 0.952682 0.676514 0.474121 0.121582 0.157227 
3 0.950474 0.868408 0.533691 0.252441 0.375977 
3 0.927912 0.109619 0.472168 0.105957 0.133789 
3 0.900367 0.386963 0.45459 0.0375977 0.0615234 
3 0.855112 0.501709 0.46582 0.0668945 0.119141 
3 0.823344 0.558838 0.445801 0.0317383 0.0673828 
3 0.71738 0.294678 0.451172 0.0366211 0.0605469 
3 0.695729 0.344238 0.460449 0.0644531 0.0966797 
3 0.690736 0.569092 0.449219 0.0395508 0.0761719 
3 0.65191 0.245605 0.458496 0.0576172 0.0869141 
3 0.61385 0.581543 0.453125 0.0390625 0.0761719 
3 0.612108 0.621826 0.460938 0.050293 0.115234 
3 0.569566 0.448242 0.440918 0.0205078 0.0283203 
3 0.565222 0.472656 0.446777 0.0205078 0.0517578 
3 0.481216 0.197021 0.464355 0.0629883 0.0927734 
9 0.477182 0.211182 0.478516 0.034668 0.0800781 
3 0.414935 0.725586 0.418457 0.0390625 0.0634766 
3 0.381039 0.317871 0.453613 0.0253906 0.0517578 
3 0.321739 0.401855 0.45166 0.0224609 0.0498047 
10 0.274325 0.223389 0.475586 0.0463867 0.0742188 
