3 0.949586 0.3479 0.458496 0.0952148 0.129883 
3 0.88756 0.39917 0.44873 0.0463867 0.0888672 
3 0.86909 0.772949 0.428223 0.212891 0.34668 
3 0.76491 0.68042 0.447266 0.0483398 0.128906 
3 0.724735 0.166504 0.50293 0.166992 0.207031 
0 0.676844 0.564941 0.419922 0.0292969 0.105469 
3 0.671152 0.519775 0.425781 0.0249023 0.0332031 
3 0.631443 0.492676 0.42627 0.0244141 0.0341797 
3 0.592709 0.42627 0.434082 0.0283203 0.0537109 
3 0.543451 0.476318 0.42334 0.0268555 0.0361328 
3 0.518961 0.59082 0.419922 0.0380859 0.0644531 
3 0.495258 0.507324 0.427246 0.0273438 0.0341797 
3 0.441143 0.458496 0.424805 0.0224609 0.03125 
3 0.431078 0.449463 0.427246 0.0200195 0.0322266 
3 0.37314 0.653809 0.43457 0.0517578 0.125 
3 0.333127 0.670898 0.43457 0.0527344 0.113281 
3 0.281007 0.415283 0.444824 0.0307617 0.0732422 
