3 0.902275 0.928223 0.43457 0.144531 0.154297 
3 0.783708 0.614014 0.444336 0.0209961 0.0332031 
0 0.689589 0.459717 0.463867 0.0356445 0.134766 
3 0.663159 0.505127 0.458496 0.0317383 0.0478516 
3 0.652205 0.526855 0.458984 0.0244141 0.0429688 
3 0.650393 0.57373 0.448242 0.0205078 0.0332031 
3 0.617979 0.551514 0.453125 0.0229492 0.0351562 
3 0.586332 0.650635 0.440918 0.0200195 0.0283203 
3 0.408651 0.583984 0.444824 0.0166016 0.0263672 
3 0.394685 0.725342 0.443359 0.0258789 0.0273438 
3 0.351841 0.60083 0.445312 0.0170898 0.0273438 
3 0.313536 0.542236 0.457031 0.0249023 0.0371094 
3 0.287816 0.741211 0.444336 0.0234375 0.03125 
3 0.282256 0.633545 0.44043 0.0209961 0.0253906 
3 0.278352 0.984375 0.447754 0.0302734 0.15332 
0 0.260153 0.413574 0.489258 0.0214844 0.0703125 
