3 0.943741 0.307617 0.51709 0.131836 0.223633 
3 0.923458 0.370361 0.483887 0.104004 0.170898 
3 0.919265 0.207275 0.561523 0.228027 0.396484 
0 0.869723 0.695801 0.462402 0.0341797 0.172852 
3 0.811364 0.0810547 0.543457 0.158203 0.922852 
3 0.786861 0.431885 0.456543 0.0581055 0.0986328 
3 0.694933 0.460449 0.454102 0.0351562 0.0761719 
3 0.665743 0.519775 0.422363 0.034668 0.0556641 
3 0.66568 0.535889 0.421875 0.0229492 0.0449219 
0 0.659003 0.657227 0.458984 0.0351562 0.207031 
3 0.579578 0.476807 0.449219 0.027832 0.0605469 
3 0.560027 0.558838 0.421875 0.0229492 0.0371094 
3 0.552692 0.443848 0.455566 0.046875 0.0888672 
9 0.508635 0.427734 0.485352 0.0302734 0.0859375 
0 0.457033 0.631348 0.424805 0.0205078 0.101562 
0 0.377962 0.603027 0.429199 0.0244141 0.114258 
0 0.370984 0.616943 0.428223 0.0209961 0.102539 
3 0.349623 0.565674 0.419922 0.0200195 0.03125 
9 0.29402 0.632324 0.452637 0.0244141 0.0556641 
3 0.271196 0.513184 0.426758 0.0332031 0.0527344 
