3 0.922886 0.0517578 0.483398 0.105469 0.150391 
3 0.905182 0.477783 0.428223 0.027832 0.0400391 
3 0.849395 0.0788574 0.424316 0.11377 0.135742 
9 0.695838 0.758057 0.454102 0.0258789 0.101562 
3 0.5736 0.520264 0.426758 0.0180664 0.0253906 
10 0.507451 0.788818 0.434082 0.043457 0.0615234 
2 0.405728 0.759521 0.430176 0.027832 0.133789 
9 0.395586 0.694336 0.42627 0.0302734 0.0517578 
3 0.377951 0.51123 0.425293 0.0195312 0.0263672 
10 0.37569 0.729492 0.432617 0.0546875 0.0585938 
3 0.36877 0.490479 0.42627 0.0170898 0.0302734 
9 0.323207 0.6521 0.426758 0.0229492 0.0488281 
0 0.299996 0.144531 0.444824 0.0126953 0.0810547 
