3 0.942392 0.474609 0.425781 0.0634766 0.0976562 
9 0.715749 0.221436 0.486328 0.0366211 0.166016 
10 0.631206 0.611328 0.411133 0.124023 0.078125 
2 0.621986 0.222412 0.431152 0.0512695 0.217773 
3 0.620221 0.431152 0.418945 0.0332031 0.0742188 
9 0.612502 0.411133 0.442871 0.0205078 0.0654297 
3 0.612141 0.44751 0.419922 0.043457 0.0820312 
8 0.529243 0.542725 0.412598 0.0375977 0.0595703 
10 0.457805 0.119385 0.433105 0.090332 0.0810547 
0 0.417009 0.286133 0.413574 0.0146484 0.0537109 
0 0.408184 0.18335 0.41748 0.0151367 0.0498047 
8 0.391798 0.660156 0.409668 0.0498047 0.0810547 
0 0.355694 0.307617 0.413574 0.0146484 0.0556641 
0 0.306269 0.2771 0.414062 0.0141602 0.0527344 
0 0.266305 0.318848 0.413086 0.0166016 0.0527344 
