3 0.946545 0.57959 0.513184 0.229492 0.40332 
0 0.896684 0.886475 0.447266 0.0678711 0.326172 
0 0.785493 0.80127 0.460449 0.03125 0.182617 
0 0.73541 0.745361 0.443359 0.0297852 0.160156 
2 0.688959 0.151611 0.461426 0.0415039 0.188477 
0 0.642603 0.227539 0.486328 0.0527344 0.283203 
3 0.63027 0.434326 0.469727 0.0551758 0.0917969 
9 0.568865 0.394531 0.486328 0.0849609 0.115234 
3 0.5548 0.480225 0.477051 0.0385742 0.112305 
9 0.526151 0.230957 0.523926 0.0576172 0.217773 
2 0.518331 0.227539 0.486328 0.0527344 0.283203 
2 0.461454 0.385742 0.455566 0.0371094 0.155273 
9 0.398016 0.160156 0.493164 0.078125 0.134766 
9 0.345723 0.291748 0.491699 0.0688477 0.143555 
0 0.309525 0.689453 0.443359 0.0146484 0.0839844 
2 0.272055 0.296631 0.47998 0.0483398 0.163086 
