3 0.950337 0.901611 0.575684 0.197754 0.510742 
3 0.936498 0.682129 0.46582 0.0693359 0.115234 
3 0.92859 0.540283 0.44873 0.0600586 0.0791016 
0 0.925677 0.294922 0.464355 0.0429688 0.196289 
0 0.876819 0.244141 0.445801 0.0527344 0.239258 
3 0.816346 0.803223 0.462891 0.106445 0.150391 
3 0.750646 0.573975 0.446777 0.0375977 0.0615234 
3 0.622792 0.635986 0.444336 0.0268555 0.046875 
3 0.582886 0.587891 0.445801 0.0302734 0.0576172 
3 0.448412 0.647461 0.442383 0.0244141 0.046875 
3 0.373062 0.603516 0.441895 0.0341797 0.0634766 
3 0.338714 0.610352 0.435547 0.0400391 0.0722656 
