3 0.971557 0.0354004 0.489746 0.0756836 0.0869141 
3 0.960505 0.538086 0.472656 0.132812 0.238281 
3 0.903721 0.350586 0.442383 0.0478516 0.0722656 
3 0.881658 0.115967 0.479004 0.0561523 0.0673828 
3 0.818155 0.42627 0.431641 0.0263672 0.0449219 
3 0.75352 0.301758 0.449219 0.0244141 0.0546875 
10 0.743499 0.849609 0.451172 0.106445 0.152344 
3 0.589967 0.279053 0.455078 0.0395508 0.0585938 
3 0.587986 0.483154 0.429199 0.0395508 0.118164 
3 0.557652 0.482178 0.447266 0.0229492 0.113281 
3 0.483284 0.379883 0.44043 0.0283203 0.0566406 
3 0.434439 0.37207 0.441895 0.0263672 0.0615234 
3 0.397201 0.243164 0.457031 0.0273438 0.0351562 
10 0.311506 0.163086 0.473145 0.046875 0.0498047 
0 0.306779 0.18335 0.463379 0.0200195 0.0615234 
