3 0.933039 0.415283 0.46582 0.0668945 0.0957031 
3 0.932385 0.507812 0.469238 0.0742188 0.12207 
0 0.911934 0.785645 0.456543 0.0322266 0.163086 
3 0.870983 0.130615 0.584473 0.256348 0.670898 
0 0.863894 0.825439 0.448242 0.0405273 0.199219 
3 0.797269 0.549561 0.445312 0.0532227 0.0859375 
0 0.790338 0.919678 0.432617 0.0454102 0.244141 
0 0.784762 0.692383 0.459473 0.0322266 0.151367 
9 0.766138 0.322021 0.512695 0.0336914 0.101562 
3 0.76441 0.467285 0.460449 0.0332031 0.0595703 
0 0.75172 0.755371 0.457031 0.0361328 0.175781 
0 0.727667 0.662109 0.459961 0.0351562 0.154297 
2 0.716102 0.322266 0.461426 0.0351562 0.163086 
0 0.568659 0.871826 0.447754 0.0395508 0.206055 
0 0.488338 0.711914 0.448242 0.0224609 0.126953 
0 0.487723 0.381104 0.447266 0.0161133 0.0605469 
9 0.472719 0.959717 0.489746 0.0834961 0.125977 
0 0.459558 0.586182 0.458984 0.0180664 0.0683594 
9 0.396867 0.353271 0.507812 0.0297852 0.113281 
0 0.377371 0.738525 0.45166 0.0268555 0.145508 
9 0.36868 0.61792 0.479492 0.034668 0.078125 
10 0.331435 0.355225 0.483887 0.0493164 0.0947266 
0 0.327085 0.574707 0.456543 0.015625 0.0693359 
2 0.313033 0.628662 0.45459 0.0219727 0.102539 
