3 0.959884 0.302246 0.458984 0.0664062 0.0957031 
3 0.954187 0.193848 0.495117 0.123047 0.154297 
3 0.930533 0.509277 0.462891 0.0849609 0.130859 
6 0.889925 0.613281 0.402832 0.128906 0.188477 
3 0.860612 0.0344238 0.546875 0.0678711 0.306641 
9 0.784989 0.865234 0.446289 0.0673828 0.103516 
3 0.755363 0.473633 0.44873 0.0351562 0.0908203 
0 0.73806 0.665283 0.456055 0.0375977 0.183594 
0 0.712376 0.64502 0.453125 0.0322266 0.173828 
0 0.558521 0.0537109 0.459473 0.0195312 0.0712891 
3 0.478649 0.408203 0.429688 0.0214844 0.0332031 
0 0.454902 0.636719 0.44873 0.0292969 0.168945 
0 0.454141 0.146973 0.453125 0.0166016 0.0644531 
3 0.399069 0.444824 0.431641 0.0224609 0.0449219 
3 0.387399 0.4646 0.428223 0.0424805 0.0908203 
0 0.344243 0.131348 0.458008 0.0175781 0.0722656 
3 0.313107 0.43042 0.424805 0.0200195 0.0332031 
0 0.28593 0.10376 0.478027 0.0200195 0.0947266 
0 0.256453 0.072998 0.478516 0.0200195 0.101562 
