3 0.945266 0.10376 0.519531 0.194824 0.144531 
3 0.943256 0.620605 0.45752 0.0507812 0.0927734 
5 0.898209 0.42627 0.417969 0.0996094 0.199219 
0 0.666952 0.19751 0.48291 0.0258789 0.118164 
0 0.624249 0.676514 0.423828 0.0209961 0.0839844 
0 0.599698 0.261963 0.483398 0.019043 0.0703125 
5 0.572336 0.547363 0.406738 0.0576172 0.161133 
3 0.546595 0.545654 0.456543 0.0454102 0.0810547 
3 0.524525 0.49292 0.447266 0.0268555 0.0410156 
3 0.490156 0.566895 0.450684 0.0263672 0.0654297 
0 0.475374 0.209961 0.492188 0.0253906 0.09375 
3 0.419845 0.47583 0.458496 0.0258789 0.0654297 
3 0.37108 0.51001 0.445801 0.0229492 0.0419922 
