3 0.966824 0.237061 0.539062 0.191895 0.246094 
3 0.965953 0.911865 0.53418 0.180176 0.330078 
3 0.950176 0.429199 0.458496 0.0576172 0.0927734 
3 0.934874 0.538818 0.450195 0.0395508 0.0625 
3 0.933558 0.69458 0.467773 0.0913086 0.150391 
3 0.879386 0.622559 0.449219 0.0458984 0.0722656 
3 0.82271 0.0388184 0.564453 0.0786133 0.267578 
3 0.756059 0.340088 0.475098 0.0483398 0.0595703 
3 0.598287 0.460205 0.444336 0.0307617 0.0488281 
3 0.551906 0.472656 0.444336 0.0263672 0.046875 
3 0.501858 0.38916 0.455078 0.0332031 0.0449219 
3 0.433203 0.492432 0.439941 0.0200195 0.0283203 
3 0.424608 0.753418 0.429199 0.0585938 0.0615234 
3 0.404417 0.570801 0.439941 0.0263672 0.0439453 
3 0.303717 0.581543 0.435547 0.0273438 0.046875 
