3 0.94793 0.925049 0.531738 0.149902 0.311523 
3 0.943876 0.668457 0.458984 0.0791016 0.123047 
3 0.876562 0.325928 0.472656 0.0375977 0.0566406 
3 0.788452 0.498291 0.458008 0.0415039 0.0664062 
3 0.704356 0.371582 0.463379 0.0302734 0.0498047 
3 0.674379 0.601807 0.454102 0.0405273 0.0683594 
9 0.625805 0.756348 0.483398 0.0566406 0.0957031 
3 0.614464 0.190674 0.462891 0.0698242 0.0527344 
3 0.605813 0.39917 0.458984 0.0307617 0.0449219 
3 0.543299 0.625732 0.463867 0.0375977 0.0761719 
2 0.507377 0.255859 0.479492 0.0205078 0.0957031 
9 0.498724 0.743164 0.489746 0.0664062 0.110352 
3 0.471488 0.411865 0.459961 0.0258789 0.0390625 
0 0.455399 0.16626 0.459961 0.0170898 0.0820312 
3 0.445628 0.555176 0.452637 0.0195312 0.0302734 
10 0.432761 0.225342 0.474121 0.0366211 0.0439453 
0 0.422484 0.711426 0.455078 0.015625 0.09375 
3 0.39173 0.570312 0.45752 0.0224609 0.0380859 
3 0.351394 0.524658 0.450684 0.0180664 0.0263672 
3 0.34293 0.34668 0.470215 0.0244141 0.0498047 
3 0.302097 0.584717 0.458984 0.0219727 0.046875 
4 0.28407 0.425049 0.452637 0.019043 0.0263672 
9 0.273471 0.255859 0.47998 0.0214844 0.0947266 
3 0.272863 0.384277 0.458496 0.0253906 0.0439453 
3 0.259997 0.456055 0.446289 0.0224609 0.0195312 
