3 0.952082 0.355225 0.414551 0.234863 0.37207 
0 0.934278 0.710693 0.481445 0.0307617 0.134766 
9 0.925152 0.632568 0.538574 0.0952148 0.145508 
2 0.924642 0.63623 0.474609 0.0556641 0.207031 
9 0.902557 0.778076 0.553223 0.128418 0.180664 
3 0.874024 0.542236 0.45752 0.0571289 0.0712891 
2 0.860174 0.786865 0.45752 0.0805664 0.28418 
3 0.839931 0.21582 0.469238 0.0742188 0.104492 
3 0.811976 0.121582 0.448242 0.119141 0.0917969 
3 0.771909 0.477295 0.45459 0.0288086 0.0498047 
3 0.709871 0.598389 0.456543 0.0366211 0.0439453 
3 0.478832 0.61792 0.455078 0.0219727 0.0351562 
3 0.471158 0.49585 0.453125 0.0336914 0.0527344 
3 0.468645 0.589844 0.456055 0.0341797 0.0410156 
3 0.408516 0.0205078 0.444824 0.0439453 0.0615234 
0 0.396814 0.742188 0.464844 0.0283203 0.126953 
3 0.309949 0.0390625 0.445312 0.0595703 0.0703125 
3 0.303961 0.681396 0.459961 0.0258789 0.0292969 
3 0.263484 0.506104 0.45166 0.0297852 0.0458984 
