3 0.955519 0.458008 0.493652 0.110352 0.163086 
0 0.771478 0.574707 0.483887 0.0224609 0.118164 
0 0.765397 0.398438 0.474121 0.0175781 0.0869141 
0 0.635552 0.595947 0.479492 0.0258789 0.125 
9 0.632065 0.552979 0.503906 0.0541992 0.0859375 
0 0.62442 0.146729 0.443359 0.0112305 0.0429688 
0 0.623949 0.585938 0.482422 0.0292969 0.128906 
0 0.598785 0.678955 0.492676 0.0385742 0.170898 
0 0.598397 0.307861 0.458008 0.019043 0.0898438 
0 0.591024 0.692383 0.48877 0.0244141 0.151367 
0 0.541662 0.27417 0.453613 0.0151367 0.0693359 
0 0.524907 0.643311 0.50293 0.0336914 0.167969 
0 0.467447 0.367188 0.460938 0.0175781 0.0761719 
0 0.459612 0.667725 0.493652 0.027832 0.172852 
0 0.397978 0.224121 0.445801 0.0117188 0.0556641 
0 0.358317 0.29248 0.455566 0.0175781 0.0693359 
0 0.283562 0.349609 0.45752 0.0185547 0.0673828 
0 0.28341 0.634521 0.447754 0.0239258 0.0751953 
3 0.257698 0.081543 0.455078 0.0380859 0.0546875 
