2 0.964526 0.852539 0.458984 0.107422 0.445312 
3 0.94355 0.574707 0.432617 0.0498047 0.0742188 
6 0.942941 0.487305 0.393555 0.111328 0.185547 
9 0.932424 0.832764 0.539062 0.190918 0.251953 
3 0.926898 0.391846 0.429199 0.0854492 0.137695 
3 0.91846 0.672852 0.442871 0.0830078 0.129883 
0 0.905649 0.336914 0.470215 0.0458984 0.27832 
3 0.744204 0.633301 0.421387 0.0429688 0.0966797 
3 0.711979 0.431152 0.418945 0.0322266 0.0820312 
2 0.68973 0.0358887 0.518555 0.0844727 0.400391 
9 0.641997 0.754639 0.450195 0.0327148 0.105469 
0 0.575726 0.302734 0.429688 0.0214844 0.115234 
8 0.483696 0.0351562 0.634277 0.0664062 0.301758 
9 0.472032 0.194824 0.486816 0.0371094 0.0966797 
0 0.445827 0.710449 0.39209 0.0195312 0.0712891 
0 0.396473 0.958496 0.398438 0.0175781 0.0800781 
0 0.271829 0.280029 0.430664 0.019043 0.109375 
9 0.265964 0.88916 0.531738 0.0957031 0.231445 
0 0.256943 0.699707 0.385742 0.0175781 0.0566406 
