9 0.964872 0.693604 0.484375 0.0864258 0.132812 
10 0.884099 0.12915 0.511719 0.193848 0.210938 
0 0.850219 0.559814 0.459473 0.0385742 0.163086 
3 0.812115 0.335693 0.460449 0.0307617 0.0869141 
9 0.801073 0.603516 0.489258 0.0791016 0.09375 
9 0.790227 0.451904 0.487793 0.0825195 0.0947266 
3 0.705745 0.366699 0.449707 0.0263672 0.0595703 
9 0.64956 0.19873 0.475586 0.0517578 0.125 
9 0.635162 0.957764 0.481934 0.0844727 0.143555 
3 0.631299 0.352295 0.45459 0.027832 0.0693359 
3 0.579512 0.284668 0.473633 0.103516 0.123047 
3 0.568687 0.411621 0.441406 0.0332031 0.0332031 
2 0.523104 0.451904 0.455078 0.0424805 0.150391 
3 0.453255 0.404297 0.442871 0.0283203 0.0341797 
0 0.402273 0.305908 0.458984 0.0366211 0.164062 
3 0.38561 0.541748 0.416504 0.0200195 0.0283203 
0 0.38036 0.571045 0.460938 0.034668 0.160156 
9 0.296678 0.800781 0.452148 0.0332031 0.0976562 
9 0.28124 0.788086 0.451172 0.0488281 0.0976562 
3 0.280335 0.425049 0.439941 0.0229492 0.0322266 
