3 0.795952 0.657715 0.458984 0.078125 0.115234 
0 0.709306 0.256104 0.446777 0.0209961 0.100586 
2 0.544769 0.358887 0.461426 0.0332031 0.168945 
0 0.539361 0.992188 0.396484 0.0166016 0.107422 
0 0.473936 0.616455 0.431152 0.0170898 0.0654297 
10 0.469695 0.838867 0.43457 0.0458984 0.0644531 
0 0.42949 0.554199 0.435059 0.0136719 0.0634766 
0 0.420495 0.692139 0.42627 0.0141602 0.0595703 
0 0.415585 0.439697 0.443359 0.0161133 0.0683594 
0 0.395554 0.682617 0.415039 0.0166016 0.0585938 
9 0.381815 0.357666 0.487305 0.027832 0.130859 
0 0.371047 0.0869141 0.414062 0.0136719 0.0449219 
1 0.329809 0.164551 0.412598 0.0205078 0.0419922 
0 0.319406 0.496094 0.441895 0.0146484 0.0693359 
9 0.301559 0.977051 0.416992 0.0283203 0.0703125 
9 0.277152 0.144775 0.451172 0.0307617 0.0820312 
3 0.274524 0.605225 0.42627 0.0297852 0.0595703 
0 0.271931 0.22998 0.416016 0.015625 0.0390625 
