3 0.959126 0.289551 0.481445 0.15332 0.205078 
3 0.893221 0.373047 0.455078 0.0771484 0.146484 
3 0.719725 0.575684 0.435547 0.0595703 0.0996094 
10 0.712501 0.10083 0.455566 0.0854492 0.0888672 
3 0.542901 0.414062 0.412109 0.0224609 0.0351562 
10 0.52603 0.633301 0.459961 0.0595703 0.0898438 
3 0.435181 0.425781 0.409668 0.0175781 0.0302734 
3 0.415754 0.537842 0.428223 0.0268555 0.0537109 
3 0.393244 0.524658 0.41748 0.0239258 0.0478516 
10 0.370663 0.939941 0.442383 0.108398 0.128906 
10 0.330901 0.610352 0.450684 0.0517578 0.0927734 
3 0.316994 0.69043 0.492188 0.0507812 0.0664062 
3 0.309772 0.403076 0.417969 0.0209961 0.0390625 
3 0.273866 0.549561 0.431641 0.0268555 0.0644531 
3 0.272399 0.508545 0.411133 0.0200195 0.0292969 
3 0.267123 0.599854 0.447754 0.0493164 0.0947266 
