3 0.959202 0.382324 0.493652 0.129883 0.209961 
3 0.950504 0.183594 0.540527 0.155273 0.256836 
3 0.932347 0.80249 0.542969 0.249512 0.423828 
3 0.907487 0.292969 0.48877 0.114258 0.168945 
3 0.883541 0.898682 0.64502 0.193848 0.688477 
3 0.7738 0.0788574 0.616211 0.153809 0.449219 
3 0.699331 0.554688 0.429199 0.0458984 0.104492 
3 0.627287 0.626953 0.480957 0.116211 0.198242 
3 0.614851 0.689697 0.504883 0.109863 0.261719 
3 0.527096 0.445312 0.441895 0.0224609 0.0419922 
2 0.472627 0.518066 0.447266 0.0253906 0.117188 
3 0.370145 0.556152 0.446777 0.0400391 0.0810547 
3 0.349049 0.45752 0.44043 0.0185547 0.0351562 
3 0.334068 0.569092 0.459473 0.0532227 0.0888672 
9 0.320868 0.518799 0.475586 0.0161133 0.0722656 
10 0.258127 0.571777 0.469238 0.0498047 0.0986328 
