3 0.948138 0.489746 0.480469 0.128906 0.210938 
0 0.830317 0.145264 0.450684 0.034668 0.147461 
0 0.803813 0.226807 0.445312 0.0249023 0.134766 
10 0.795882 0.841064 0.552246 0.338379 0.413086 
2 0.76014 0.335693 0.452148 0.0385742 0.207031 
0 0.747368 0.177002 0.448242 0.0297852 0.152344 
10 0.739215 0.615967 0.462891 0.14502 0.158203 
0 0.677918 0.678955 0.411133 0.0288086 0.101562 
0 0.62364 0.354004 0.416992 0.0126953 0.0546875 
0 0.598589 0.252686 0.450684 0.0249023 0.12207 
0 0.580116 0.851562 0.369141 0.0332031 0.103516 
0 0.575946 0.200928 0.447266 0.0239258 0.136719 
0 0.517562 0.2771 0.450684 0.0297852 0.15332 
9 0.489929 0.634277 0.466797 0.114258 0.158203 
0 0.477563 0.400391 0.42041 0.0175781 0.0673828 
0 0.474809 0.285156 0.447754 0.0263672 0.143555 
9 0.440778 0.339844 0.504395 0.0244141 0.112305 
0 0.405612 0.747803 0.413574 0.0385742 0.141602 
0 0.38293 0.572266 0.400391 0.0195312 0.0683594 
0 0.37006 0.318359 0.423828 0.0175781 0.0683594 
0 0.368852 0.307373 0.430664 0.0180664 0.0703125 
9 0.277286 0.27417 0.485352 0.0288086 0.0976562 
