3 0.957742 0.448975 0.51123 0.14502 0.219727 
3 0.872391 0.507324 0.461914 0.0527344 0.103516 
0 0.810895 0.708496 0.463867 0.0332031 0.169922 
3 0.809085 0.318848 0.461914 0.0439453 0.0664062 
0 0.794999 0.847168 0.425781 0.0205078 0.0957031 
0 0.777463 0.211914 0.486328 0.0634766 0.269531 
0 0.765456 0.240967 0.491699 0.0415039 0.204102 
10 0.744004 0.925537 0.428223 0.111816 0.0654297 
0 0.738278 0.0690918 0.526367 0.0561523 0.277344 
9 0.698569 0.0234375 0.509766 0.0429688 0.0917969 
0 0.649906 0.805176 0.427734 0.0195312 0.0839844 
0 0.511884 0.780029 0.464355 0.0405273 0.168945 
3 0.420665 0.306885 0.459961 0.0327148 0.0644531 
0 0.40268 0.826172 0.424805 0.0205078 0.0859375 
0 0.39133 0.19751 0.489746 0.0561523 0.256836 
9 0.37836 0.756104 0.441406 0.0209961 0.0449219 
10 0.368474 0.649414 0.441406 0.0673828 0.046875 
9 0.351439 0.178955 0.543457 0.0375977 0.116211 
0 0.350546 0.873779 0.425293 0.0180664 0.102539 
10 0.327292 0.931396 0.423828 0.0717773 0.0703125 
10 0.321592 0.602539 0.436035 0.0332031 0.0361328 
0 0.313568 0.383789 0.432129 0.0126953 0.0537109 
0 0.26783 0.57251 0.433105 0.0161133 0.0537109 
