3 0.883303 0.512207 0.45752 0.0351562 0.0498047 
3 0.840283 0.568115 0.457031 0.0327148 0.0429688 
3 0.770534 0.630615 0.452637 0.0336914 0.0380859 
2 0.734683 0.332031 0.453613 0.0214844 0.0966797 
3 0.732042 0.59082 0.455566 0.0263672 0.0419922 
3 0.553344 0.78418 0.444336 0.0234375 0.0371094 
3 0.401177 0.596191 0.453613 0.0234375 0.0380859 
9 0.395661 0.330566 0.473145 0.0253906 0.0732422 
0 0.32841 0.756592 0.447754 0.0180664 0.0732422 
8 0.297189 0.227051 0.463379 0.0322266 0.0693359 
3 0.290788 0.647461 0.447266 0.0224609 0.03125 
