3 0.958547 0.864014 0.520508 0.263184 0.318359 
3 0.951263 0.73584 0.479004 0.126953 0.204102 
3 0.919415 0.472168 0.433594 0.046875 0.0820312 
3 0.894525 0.678223 0.460449 0.0849609 0.15918 
3 0.887857 0.293701 0.458496 0.0639648 0.114258 
3 0.71178 0.253174 0.476562 0.0708008 0.109375 
3 0.642425 0.356934 0.424805 0.0498047 0.0898438 
9 0.63474 0.0839844 0.507324 0.0488281 0.102539 
9 0.621676 0.0253906 0.523926 0.0458984 0.15332 
3 0.558935 0.522461 0.415527 0.0458984 0.0986328 
3 0.553344 0.449707 0.428711 0.0175781 0.0273438 
3 0.538255 0.564941 0.40625 0.0605469 0.142578 
3 0.47581 0.381348 0.439941 0.0175781 0.0419922 
3 0.366471 0.413818 0.429688 0.0170898 0.0234375 
3 0.322591 0.458252 0.430176 0.0258789 0.0595703 
0 0.253685 0.601318 0.415527 0.0131836 0.0634766 
