3 0.957905 0.166504 0.564453 0.300781 0.445312 
3 0.950794 0.821289 0.530273 0.240234 0.347656 
3 0.936688 0.0876465 0.685547 0.17627 0.578125 
3 0.934443 0.691406 0.481934 0.12793 0.18457 
3 0.915464 0.395264 0.450195 0.112793 0.1875 
3 0.872209 0.366455 0.491699 0.0913086 0.182617 
3 0.870914 0.916016 0.655762 0.173828 0.645508 
3 0.858526 0.448486 0.458496 0.0336914 0.0947266 
3 0.784401 0.638672 0.45166 0.0898438 0.161133 
3 0.713247 0.316162 0.521484 0.129395 0.246094 
9 0.302429 0.581299 0.456543 0.0219727 0.0712891 
