9 0.916858 0.602783 0.532715 0.160645 0.202148 
3 0.89992 0.415527 0.456055 0.0351562 0.0507812 
3 0.878447 0.470703 0.443359 0.0566406 0.101562 
0 0.863181 0.8396 0.397461 0.0307617 0.146484 
0 0.777709 0.182373 0.445801 0.0288086 0.133789 
0 0.708464 0.587891 0.486816 0.0722656 0.303711 
0 0.677201 0.228516 0.447754 0.0185547 0.104492 
0 0.585084 0.208008 0.449707 0.0224609 0.108398 
2 0.473871 0.286377 0.45459 0.0297852 0.135742 
0 0.455709 0.381104 0.456055 0.0151367 0.0527344 
0 0.451412 0.308105 0.450684 0.0166016 0.0830078 
0 0.4464 0.246094 0.446777 0.0195312 0.0927734 
0 0.434705 0.354736 0.450195 0.0141602 0.0683594 
9 0.418702 0.288086 0.486816 0.0292969 0.0986328 
0 0.415462 0.368652 0.451172 0.015625 0.0625 
0 0.392642 0.253906 0.445801 0.0166016 0.0771484 
0 0.338485 0.314209 0.447266 0.0151367 0.0742188 
2 0.332432 0.588379 0.472168 0.0810547 0.301758 
3 0.298652 0.517822 0.449707 0.0229492 0.0380859 
