3 0.936669 0.216797 0.490723 0.173828 0.219727 
3 0.885992 0.951416 0.540527 0.097168 0.676758 
3 0.869648 0.80957 0.505859 0.25 0.349609 
2 0.834545 0.568359 0.448242 0.0419922 0.177734 
3 0.828605 0.427002 0.47168 0.0688477 0.111328 
3 0.788352 0.348633 0.474609 0.0654297 0.117188 
9 0.703298 0.634766 0.474609 0.0419922 0.119141 
9 0.568025 0.570312 0.493164 0.0361328 0.103516 
3 0.509756 0.311035 0.491211 0.0615234 0.146484 
3 0.469478 0.378662 0.474121 0.0336914 0.0888672 
9 0.346562 0.571045 0.459473 0.0415039 0.165039 
3 0.271874 0.459229 0.44873 0.0258789 0.0322266 
