3 0.910423 0.642578 0.474609 0.109375 0.154297 
3 0.876337 0.708008 0.489258 0.0996094 0.197266 
3 0.784855 0.0725098 0.494141 0.0717773 0.113281 
10 0.746194 0.22998 0.486816 0.0771484 0.0849609 
3 0.724818 0.830322 0.509277 0.26416 0.270508 
3 0.7092 0.60083 0.469727 0.0532227 0.107422 
9 0.707232 0.177002 0.505371 0.0473633 0.100586 
3 0.678565 0.53833 0.462891 0.0366211 0.0644531 
3 0.649362 0.47998 0.460449 0.0253906 0.0400391 
3 0.630257 0.579346 0.46582 0.059082 0.0917969 
9 0.611085 0.0478516 0.533691 0.0673828 0.172852 
3 0.578478 0.525635 0.458496 0.0317383 0.0595703 
0 0.575561 0.261475 0.458984 0.0288086 0.173828 
2 0.539781 0.259277 0.456543 0.0361328 0.163086 
9 0.479814 0.0236816 0.544434 0.0463867 0.194336 
3 0.454647 0.550537 0.464355 0.0405273 0.0732422 
10 0.448024 0.28833 0.474609 0.0805664 0.0839844 
9 0.417722 0.877686 0.583008 0.0581055 0.261719 
9 0.331361 0.194824 0.506348 0.0449219 0.100586 
3 0.317898 0.101074 0.476074 0.0625 0.0751953 
3 0.293166 0.512695 0.457031 0.0214844 0.0449219 
