3 0.947871 0.217773 0.5625 0.275391 0.375 
3 0.925873 0.356201 0.493652 0.102051 0.204102 
2 0.873509 0.83374 0.408203 0.0532227 0.222656 
9 0.759961 0.841064 0.469238 0.0375977 0.139648 
3 0.652672 0.415039 0.429199 0.0244141 0.0517578 
3 0.627666 0.904785 0.405273 0.140625 0.113281 
3 0.478886 0.395508 0.456543 0.0371094 0.110352 
3 0.456316 0.537842 0.418945 0.0327148 0.0507812 
3 0.378695 0.488281 0.412598 0.0410156 0.0419922 
0 0.289444 0.614258 0.416016 0.0195312 0.0722656 
3 0.275973 0.397705 0.430664 0.0385742 0.0625 
0 0.265739 0.560059 0.413086 0.0107422 0.0488281 
