9 0.983304 0.537842 0.529297 0.145996 0.181641 
9 0.953906 0.176758 0.54541 0.154297 0.237305 
0 0.915654 0.411621 0.467773 0.0664062 0.279297 
9 0.90461 0.738281 0.529785 0.167969 0.202148 
3 0.841525 0.26123 0.483887 0.126953 0.166992 
9 0.696963 0.856445 0.543945 0.148438 0.236328 
3 0.688664 0.33374 0.46582 0.0541992 0.0996094 
2 0.620611 0.755859 0.452148 0.0585938 0.283203 
0 0.604218 0.844971 0.474609 0.081543 0.310547 
2 0.601439 0.530518 0.453125 0.0795898 0.308594 
0 0.589376 0.26416 0.478027 0.0800781 0.209961 
2 0.563428 0.882568 0.460449 0.0454102 0.272461 
2 0.538072 0.739746 0.466797 0.0673828 0.285156 
0 0.510148 0.467041 0.45166 0.0375977 0.166992 
3 0.447047 0.261963 0.481445 0.0786133 0.179688 
0 0.375287 0.815918 0.443359 0.0478516 0.199219 
0 0.342133 0.178955 0.45166 0.0786133 0.290039 
0 0.331599 0.883057 0.456055 0.0366211 0.255859 
2 0.326976 0.181396 0.456055 0.0688477 0.310547 
0 0.292289 0.530518 0.453125 0.0795898 0.308594 
0 0.263968 0.8396 0.446289 0.0581055 0.210938 
