3 0.918875 0.421387 0.457031 0.0615234 0.09375 
3 0.883294 0.456787 0.451172 0.043457 0.0742188 
3 0.86961 0.495117 0.444824 0.0449219 0.0595703 
3 0.79669 0.61499 0.43457 0.0444336 0.0605469 
3 0.725234 0.027832 0.527832 0.0556641 0.344727 
3 0.70648 0.526855 0.439941 0.0302734 0.0537109 
3 0.643204 0.575195 0.418457 0.0429688 0.0791016 
3 0.483317 0.552979 0.434082 0.0297852 0.0498047 
10 0.437023 0.108154 0.468262 0.144043 0.100586 
3 0.411165 0.538574 0.436035 0.0283203 0.0498047 
2 0.40163 0.345703 0.450684 0.03125 0.0927734 
3 0.313813 0.340576 0.454102 0.0395508 0.0761719 
9 0.308941 0.345947 0.472168 0.0317383 0.0615234 
10 0.308331 0.164062 0.459473 0.141602 0.0908203 
