3 0.942613 0.768311 0.512695 0.117676 0.238281 
3 0.941298 0.402832 0.492676 0.106445 0.165039 
3 0.937872 0.707764 0.489258 0.0844727 0.173828 
3 0.921646 0.87915 0.567383 0.246582 0.40625 
3 0.917898 0.446777 0.473633 0.0605469 0.136719 
3 0.89602 0.254639 0.552246 0.284668 0.397461 
3 0.883782 0.575928 0.433594 0.0375977 0.0683594 
3 0.859333 0.480957 0.463379 0.0429688 0.0966797 
3 0.833365 0.660889 0.468262 0.0551758 0.114258 
3 0.601482 0.617432 0.43457 0.0229492 0.03125 
3 0.496827 0.598145 0.435547 0.0185547 0.0351562 
3 0.33258 0.637207 0.45166 0.0214844 0.0654297 
