3 0.909389 0.803467 0.509766 0.258301 0.367188 
0 0.872703 0.0480957 0.445312 0.0424805 0.193359 
3 0.734219 0.639404 0.438965 0.0483398 0.0791016 
9 0.520561 0.677002 0.462891 0.0395508 0.117188 
0 0.502007 0.474609 0.428223 0.0224609 0.0712891 
0 0.439089 0.463379 0.421875 0.0195312 0.0722656 
2 0.401314 0.679199 0.430176 0.03125 0.116211 
9 0.395617 0.252686 0.45166 0.0327148 0.0673828 
3 0.386346 0.509277 0.42627 0.0410156 0.0439453 
9 0.331763 0.428223 0.428711 0.0273438 0.0527344 
0 0.314858 0.604492 0.425293 0.0205078 0.0634766 
0 0.291447 0.447021 0.420898 0.0161133 0.0625 
3 0.256168 0.60376 0.425293 0.0229492 0.0576172 
0 0.252532 0.541504 0.420898 0.0175781 0.0585938 
