3 0.935503 0.782715 0.526367 0.194336 0.279297 
3 0.864954 0.892822 0.614258 0.213379 0.537109 
3 0.814089 0.646973 0.464355 0.0761719 0.143555 
9 0.798452 0.238037 0.459473 0.0385742 0.139648 
3 0.793817 0.597656 0.458496 0.0400391 0.0908203 
3 0.761886 0.483643 0.44043 0.0395508 0.0664062 
3 0.622761 0.571045 0.444336 0.0268555 0.0605469 
3 0.616922 0.68457 0.492676 0.100586 0.19043 
3 0.597425 0.584717 0.451172 0.0297852 0.0820312 
10 0.552732 0.367676 0.440918 0.0888672 0.0888672 
9 0.378538 0.301514 0.45459 0.0307617 0.0888672 
10 0.350335 0.413086 0.431152 0.0302734 0.0615234 
3 0.338242 0.542236 0.431152 0.0229492 0.0322266 
10 0.295979 0.448242 0.439941 0.0214844 0.0517578 
3 0.258758 0.522949 0.432129 0.0185547 0.0537109 
