3 0.929612 0.4021 0.477051 0.059082 0.0908203 
3 0.923344 0.308594 0.48291 0.0664062 0.0966797 
9 0.650383 0.739258 0.456055 0.0507812 0.0859375 
3 0.645208 0.337158 0.476074 0.0415039 0.0810547 
10 0.606418 0.825439 0.458984 0.0991211 0.125 
3 0.573 0.366455 0.475098 0.0288086 0.0576172 
3 0.506172 0.434326 0.464844 0.027832 0.0527344 
3 0.499805 0.352295 0.478027 0.0297852 0.0673828 
0 0.499775 0.803467 0.445801 0.0473633 0.15918 
3 0.486033 0.506348 0.466797 0.0273438 0.0351562 
3 0.447467 0.477539 0.467285 0.0302734 0.0400391 
