9 0.838969 0.788086 0.461426 0.0292969 0.0869141 
0 0.776527 0.597168 0.419922 0.0185547 0.0859375 
2 0.764954 0.787109 0.416504 0.0322266 0.141602 
0 0.758073 0.664551 0.416504 0.0234375 0.0966797 
0 0.746638 0.621338 0.422363 0.0219727 0.100586 
0 0.694442 0.93042 0.442871 0.0170898 0.0810547 
3 0.491748 0.299316 0.408203 0.0791016 0.0605469 
9 0.46945 0.217773 0.440918 0.0263672 0.0888672 
8 0.423947 0.384033 0.414062 0.0395508 0.0566406 
2 0.41987 0.217773 0.395996 0.0234375 0.108398 
0 0.387883 0.0839844 0.393066 0.0136719 0.0517578 
0 0.299256 0.626709 0.419434 0.0151367 0.0810547 
0 0.292581 0.544922 0.409668 0.0146484 0.0751953 
0 0.269184 0.91333 0.445312 0.0200195 0.0878906 
3 0.251441 0.506836 0.411621 0.0488281 0.0439453 
