2 0.936419 0.51416 0.458496 0.0449219 0.231445 
3 0.925508 0.615234 0.461914 0.0800781 0.142578 
3 0.909387 0.932373 0.591797 0.140137 0.625 
3 0.835178 0.571533 0.449707 0.0297852 0.0810547 
3 0.798429 0.162842 0.469727 0.304199 0.224609 
9 0.782876 0.441406 0.511719 0.0332031 0.130859 
3 0.750934 0.459717 0.443359 0.0375977 0.0722656 
10 0.729277 0.391357 0.458496 0.0571289 0.0966797 
3 0.677744 0.489014 0.431641 0.0161133 0.0449219 
9 0.584137 0.86792 0.483887 0.0629883 0.120117 
3 0.584037 0.473877 0.432129 0.027832 0.0576172 
9 0.512097 0.511719 0.522461 0.0224609 0.132812 
3 0.484524 0.539795 0.43457 0.0170898 0.03125 
9 0.463253 0.746582 0.476074 0.0283203 0.106445 
3 0.455177 0.556885 0.442871 0.0209961 0.0556641 
9 0.444288 0.761719 0.474609 0.0380859 0.109375 
2 0.413905 0.446045 0.471191 0.0327148 0.155273 
9 0.341779 0.776123 0.478027 0.0366211 0.100586 
3 0.306953 0.544189 0.439453 0.0170898 0.0351562 
