3 0.958971 0.173828 0.453613 0.138672 0.180664 
3 0.958921 0.333984 0.458984 0.0517578 0.0664062 
6 0.870921 0.854248 0.355957 0.306152 0.495117 
3 0.869789 0.385254 0.456055 0.0410156 0.0488281 
3 0.791527 0.582031 0.444824 0.0302734 0.0576172 
3 0.732923 0.413574 0.450684 0.0244141 0.0400391 
3 0.666963 0.478516 0.443848 0.0332031 0.0380859 
3 0.607906 0.698486 0.438965 0.0405273 0.0556641 
3 0.54736 0.548584 0.436035 0.065918 0.120117 
3 0.469018 0.397217 0.45459 0.0385742 0.0458984 
3 0.457164 0.611328 0.438965 0.0224609 0.0322266 
3 0.321762 0.64624 0.433594 0.0317383 0.0546875 
4 0.301895 0.505859 0.435547 0.0263672 0.0292969 
3 0.284807 0.488525 0.439941 0.034668 0.0380859 
