9 0.768679 0.849854 0.455078 0.0678711 0.0820312 
0 0.638916 0.911865 0.440918 0.0249023 0.133789 
0 0.633678 0.400391 0.451172 0.0175781 0.0859375 
10 0.628523 0.0695801 0.472168 0.0874023 0.104492 
0 0.605655 0.462646 0.452148 0.019043 0.0898438 
9 0.542669 0.118164 0.459473 0.0361328 0.0791016 
0 0.510379 0.336426 0.456055 0.0224609 0.0996094 
9 0.494758 0.598389 0.46582 0.0786133 0.107422 
0 0.485339 0.439453 0.453613 0.0166016 0.0927734 
9 0.466225 0.6521 0.470703 0.0561523 0.109375 
9 0.387006 0.352295 0.455078 0.0219727 0.0410156 
0 0.38432 0.919678 0.43457 0.0268555 0.130859 
0 0.378086 0.257812 0.449219 0.0136719 0.0546875 
9 0.376783 0.660645 0.479004 0.0390625 0.0966797 
10 0.366943 0.0488281 0.470703 0.0820312 0.115234 
9 0.351999 0.163574 0.455566 0.0283203 0.0419922 
0 0.351503 0.431885 0.455078 0.019043 0.0859375 
9 0.33948 0.0395508 0.477539 0.0703125 0.109375 
0 0.333138 0.210449 0.447754 0.0136719 0.0458984 
9 0.330842 0.148926 0.459961 0.0244141 0.0566406 
9 0.328419 0.130859 0.456055 0.0400391 0.0761719 
8 0.307744 0.849121 0.455078 0.0732422 0.0859375 
0 0.305513 0.226074 0.447754 0.0136719 0.0439453 
0 0.296647 0.274658 0.447754 0.0170898 0.0595703 
0 0.268887 0.933594 0.441895 0.0263672 0.12793 
0 0.268721 0.193359 0.448242 0.0224609 0.046875 
