3 0.849738 0.384277 0.468262 0.0488281 0.0849609 
0 0.838248 0.176758 0.513672 0.0478516 0.220703 
0 0.826224 0.112305 0.517578 0.0449219 0.208984 
0 0.793233 0.551514 0.458008 0.027832 0.119141 
10 0.78706 0.64209 0.485352 0.0917969 0.113281 
0 0.759855 0.304932 0.473145 0.0336914 0.174805 
0 0.745487 0.065918 0.530762 0.0576172 0.258789 
0 0.669915 0.523682 0.458984 0.0268555 0.121094 
0 0.63794 0.0449219 0.526855 0.0429688 0.237305 
0 0.635484 0.479492 0.455566 0.015625 0.0888672 
10 0.51241 0.709229 0.504395 0.11084 0.157227 
0 0.485751 0.427734 0.448242 0.0166016 0.0898438 
0 0.461269 0.461182 0.455078 0.0209961 0.103516 
9 0.441973 0.734131 0.507324 0.0727539 0.161133 
0 0.388756 0.0549316 0.538574 0.0493164 0.229492 
0 0.382656 0.511963 0.461914 0.0200195 0.111328 
0 0.359795 0.36377 0.44873 0.0136719 0.0498047 
0 0.35677 0.487305 0.456055 0.015625 0.0859375 
0 0.347593 0.347168 0.461914 0.0175781 0.0742188 
9 0.331819 0.570801 0.473145 0.0390625 0.0849609 
9 0.321444 0.196777 0.544922 0.0498047 0.167969 
0 0.312174 0.44458 0.452637 0.0249023 0.108398 
0 0.309341 0.415039 0.452637 0.0166016 0.0810547 
9 0.30759 0.5979 0.476562 0.0483398 0.0976562 
