3 0.806924 0.172119 0.501953 0.190918 0.242188 
9 0.730979 0.591797 0.520996 0.0761719 0.161133 
9 0.666658 0.646729 0.473145 0.0571289 0.0986328 
3 0.538367 0.0119629 0.459961 0.0239258 0.134766 
0 0.525185 0.502686 0.45459 0.019043 0.0888672 
0 0.475099 0.469971 0.445312 0.0239258 0.119141 
2 0.467151 0.644775 0.451172 0.043457 0.136719 
0 0.466721 0.0842285 0.441895 0.0268555 0.141602 
0 0.465635 0.438965 0.446289 0.0253906 0.121094 
9 0.462526 0.982178 0.613281 0.0405273 0.279297 
2 0.414201 0.597168 0.45166 0.0576172 0.223633 
2 0.374187 0.0822754 0.442871 0.0297852 0.141602 
6 0.348902 0.0480957 0.407227 0.0961914 0.113281 
0 0.300703 0.497559 0.453125 0.0205078 0.0996094 
0 0.295137 0.450928 0.444824 0.0317383 0.133789 
2 0.287722 0.643311 0.435059 0.0297852 0.125977 
2 0.279541 0.902588 0.456055 0.0249023 0.0703125 
9 0.265073 0.902832 0.469727 0.0283203 0.0527344 
0 0.261582 0.379395 0.441406 0.0166016 0.0722656 
