3 0.96747 0.553467 0.456055 0.0766602 0.123047 
3 0.893136 0.0603027 0.554688 0.121582 0.255859 
3 0.735935 0.51709 0.432129 0.0527344 0.100586 
3 0.573974 0.336426 0.44043 0.0332031 0.0449219 
0 0.442257 0.139404 0.458008 0.0180664 0.09375 
3 0.436099 0.417725 0.439453 0.0258789 0.0332031 
3 0.428772 0.276123 0.430664 0.0854492 0.0898438 
3 0.424804 0.511475 0.446289 0.0454102 0.0800781 
3 0.345324 0.354004 0.452148 0.0292969 0.078125 
3 0.323741 0.476562 0.439453 0.0361328 0.0371094 
9 0.31874 0.35498 0.484863 0.0234375 0.0791016 
0 0.318583 0.432129 0.441895 0.015625 0.0556641 
3 0.317751 0.67627 0.425293 0.0351562 0.0400391 
6 0.285997 0.513916 0.425781 0.0493164 0.103516 
