3 0.896239 0.325195 0.419922 0.0332031 0.0566406 
3 0.870105 0.412109 0.431641 0.0722656 0.136719 
3 0.757425 0.367676 0.421387 0.0234375 0.0478516 
2 0.65554 0.580078 0.430664 0.0361328 0.164062 
9 0.644325 0.584717 0.473145 0.0327148 0.0966797 
9 0.607902 0.786133 0.449707 0.0546875 0.143555 
0 0.559525 0.610352 0.458496 0.046875 0.217773 
9 0.555993 0.978516 0.490723 0.0410156 0.15918 
3 0.422601 0.379395 0.427246 0.0214844 0.0712891 
3 0.376339 0.354492 0.414551 0.0195312 0.0361328 
9 0.336979 0.510498 0.419434 0.0180664 0.0478516 
0 0.283863 0.542725 0.419434 0.0180664 0.0615234 
