3 0.940486 0.557861 0.470215 0.0913086 0.15332 
9 0.876317 0.828125 0.543945 0.0976562 0.289062 
9 0.86522 0.734863 0.52002 0.0830078 0.206055 
9 0.811639 0.357178 0.514648 0.0385742 0.164062 
0 0.779562 0.286133 0.45752 0.0410156 0.161133 
0 0.668068 0.319092 0.450684 0.034668 0.170898 
9 0.661428 0.945068 0.57666 0.0991211 0.364258 
9 0.606387 0.672607 0.483398 0.0307617 0.126953 
9 0.563487 0.853516 0.572266 0.0966797 0.298828 
2 0.506722 0.42627 0.455566 0.0371094 0.217773 
0 0.500871 0.633057 0.42627 0.0219727 0.0908203 
0 0.499601 0.743896 0.394531 0.0288086 0.0957031 
10 0.469267 0.77002 0.525879 0.142578 0.264648 
0 0.460399 0.355957 0.460938 0.0449219 0.240234 
0 0.454476 0.617188 0.429199 0.0175781 0.0654297 
0 0.398324 0.901123 0.414062 0.0336914 0.177734 
0 0.390447 0.590332 0.424316 0.0185547 0.0751953 
2 0.387247 0.357666 0.463867 0.0424805 0.228516 
0 0.368533 0.648682 0.442871 0.0209961 0.0888672 
0 0.339857 0.601074 0.426758 0.0175781 0.0722656 
9 0.329596 0.891357 0.540527 0.0688477 0.260742 
9 0.314471 0.885742 0.57666 0.0908203 0.295898 
9 0.30473 0.785156 0.525879 0.15918 0.27832 
0 0.304267 0.398682 0.443848 0.0385742 0.163086 
0 0.295542 0.455566 0.426758 0.0146484 0.0703125 
9 0.28896 0.427002 0.505859 0.0317383 0.162109 
0 0.259433 0.961426 0.421387 0.0410156 0.143555 
0 0.251643 0.42627 0.469727 0.0429688 0.214844 
0 0.250883 0.41748 0.450684 0.0332031 0.18457 
