3 0.837329 0.455811 0.439941 0.144043 0.100586 
0 0.823457 0.255615 0.432617 0.0180664 0.0957031 
0 0.814425 0.369873 0.427734 0.0200195 0.103516 
2 0.749097 0.723145 0.432129 0.0419922 0.198242 
9 0.645893 0.721191 0.494141 0.0332031 0.140625 
0 0.628814 0.307373 0.433594 0.0180664 0.0878906 
3 0.578309 0.290771 0.432617 0.0854492 0.0722656 
5 0.430539 0.959717 0.477539 0.0805664 0.746094 
0 0.43008 0.391602 0.421387 0.0175781 0.0830078 
0 0.379428 0.893555 0.459961 0.0283203 0.134766 
0 0.3416 0.31543 0.429688 0.0185547 0.0820312 
0 0.256885 0.49292 0.39502 0.0161133 0.0380859 
9 0.255878 0.897705 0.462402 0.034668 0.133789 
