3 0.79519 0.532959 0.440918 0.0737305 0.125977 
2 0.776609 0.0239258 0.46582 0.0488281 0.28125 
0 0.770735 0.19043 0.457031 0.0429688 0.197266 
3 0.740074 0.599365 0.424316 0.0532227 0.0869141 
10 0.714739 0.30249 0.455078 0.0493164 0.0664062 
9 0.703052 0.274902 0.480957 0.0371094 0.120117 
9 0.635474 0.0253906 0.550781 0.0478516 0.175781 
8 0.459171 0.0783691 0.487305 0.0678711 0.144531 
3 0.442385 0.56665 0.430664 0.0307617 0.0820312 
0 0.432501 0.36499 0.433105 0.0209961 0.0810547 
9 0.405691 0.616699 0.453125 0.0234375 0.0820312 
9 0.359988 0.354248 0.444824 0.0249023 0.0556641 
2 0.349524 0.274414 0.45166 0.0371094 0.155273 
9 0.325882 0.045166 0.516113 0.0834961 0.15918 
3 0.31315 0.290527 0.453613 0.0546875 0.0654297 
3 0.285499 0.12085 0.458496 0.0493164 0.0810547 
