3 0.90934 0.404053 0.455566 0.0795898 0.0947266 
3 0.9091 0.481445 0.456055 0.0693359 0.0976562 
3 0.909061 0.325195 0.456543 0.0859375 0.0712891 
3 0.851445 0.571289 0.445312 0.0625 0.0957031 
3 0.841365 0.10083 0.456543 0.0405273 0.0751953 
9 0.803525 0.768555 0.461914 0.0683594 0.0820312 
2 0.795882 0.540283 0.424316 0.0317383 0.129883 
9 0.576578 0.542236 0.464355 0.0366211 0.0830078 
3 0.560286 0.616455 0.442383 0.0483398 0.0820312 
3 0.508608 0.508545 0.451172 0.0424805 0.0878906 
3 0.43767 0.518799 0.44873 0.0395508 0.0751953 
3 0.433394 0.631104 0.442383 0.0297852 0.0664062 
