3 0.914928 0.487305 0.465332 0.0761719 0.133789 
3 0.875932 0.302979 0.521973 0.149902 0.194336 
0 0.864312 0.770264 0.474609 0.0327148 0.181641 
9 0.824697 0.0939941 0.604004 0.171387 0.266602 
3 0.821258 0.213867 0.539062 0.212891 0.222656 
3 0.766991 0.391113 0.480957 0.0927734 0.118164 
0 0.719771 0.798584 0.478027 0.0327148 0.163086 
10 0.549323 0.382812 0.51709 0.0664062 0.129883 
0 0.503694 0.648438 0.456055 0.0205078 0.0878906 
0 0.482025 0.555176 0.458496 0.0195312 0.0810547 
10 0.479489 0.0209961 0.538086 0.0439453 0.164062 
0 0.405867 0.53833 0.456543 0.0180664 0.0693359 
0 0.352554 0.573242 0.458496 0.0185547 0.0751953 
3 0.311371 0.382324 0.515625 0.0722656 0.123047 
9 0.306264 0.616211 0.474609 0.0654297 0.0800781 
10 0.302349 0.692383 0.481934 0.0273438 0.0693359 
3 0.29491 0.351318 0.48877 0.0883789 0.114258 
