3 0.949567 0.116943 0.538086 0.233887 0.408203 
3 0.938569 0.718506 0.518066 0.128418 0.194336 
3 0.921163 0.386475 0.460449 0.0776367 0.12207 
3 0.907468 0.300537 0.483398 0.10791 0.214844 
3 0.862769 0.626953 0.478027 0.0625 0.0986328 
3 0.820709 0.428223 0.457031 0.0664062 0.105469 
3 0.755272 0.325195 0.467773 0.0830078 0.181641 
3 0.698023 0.224854 0.504395 0.191895 0.280273 
3 0.673248 0.568604 0.45459 0.0219727 0.0400391 
3 0.591194 0.477295 0.453125 0.0268555 0.0410156 
3 0.587489 0.526855 0.452637 0.0244141 0.0322266 
3 0.433049 0.456543 0.45166 0.03125 0.0595703 
3 0.394188 0.50415 0.451172 0.0239258 0.03125 
3 0.376035 0.550293 0.45459 0.0292969 0.0341797 
3 0.370166 0.541748 0.455078 0.0249023 0.03125 
3 0.276314 0.448486 0.456055 0.0424805 0.0820312 
