3 0.953834 0.292725 0.523926 0.161621 0.200195 
3 0.935217 0.355957 0.472168 0.116211 0.172852 
0 0.895923 0.0427246 0.535156 0.0678711 0.349609 
0 0.878143 0.88208 0.461914 0.0463867 0.271484 
9 0.844393 0.788818 0.48877 0.0854492 0.149414 
3 0.839983 0.398682 0.452148 0.0493164 0.123047 
9 0.646734 0.0959473 0.54541 0.0981445 0.155273 
3 0.60355 0.418945 0.441895 0.0351562 0.0927734 
0 0.602444 0.550781 0.432617 0.0146484 0.0742188 
0 0.570989 0.536133 0.432129 0.0175781 0.0751953 
3 0.319042 0.425537 0.432617 0.0375977 0.0742188 
9 0.304271 0.631836 0.448242 0.0283203 0.101562 
9 0.282253 0.767578 0.485352 0.0664062 0.142578 
9 0.278647 0.691162 0.46582 0.0375977 0.107422 
0 0.250394 0.631836 0.447754 0.0283203 0.112305 
