3 0.868926 0.659668 0.434082 0.0595703 0.0947266 
0 0.828748 0.0551758 0.42334 0.0449219 0.133789 
0 0.800652 0.570312 0.422363 0.0244141 0.120117 
9 0.690252 0.074707 0.52832 0.154297 0.210938 
0 0.64337 0.786377 0.416992 0.0219727 0.0976562 
2 0.622975 0.590576 0.42041 0.0249023 0.104492 
0 0.556681 0.723633 0.42627 0.0234375 0.110352 
10 0.548727 0.394287 0.456543 0.116699 0.0986328 
9 0.543971 0.0456543 0.540527 0.103027 0.233398 
9 0.536165 0.590332 0.443848 0.0224609 0.0654297 
3 0.424739 0.68457 0.420898 0.0263672 0.0585938 
3 0.41341 0.693359 0.418945 0.0273438 0.0527344 
3 0.387138 0.756836 0.41748 0.0273438 0.0810547 
0 0.340822 0.833496 0.445312 0.0273438 0.154297 
0 0.331516 0.757324 0.417969 0.0253906 0.0839844 
0 0.269406 0.431885 0.430664 0.0151367 0.0527344 
