3 0.964405 0.222656 0.490723 0.0986328 0.133789 
9 0.953065 0.897461 0.461914 0.0556641 0.154297 
3 0.952198 0.474365 0.454102 0.0600586 0.107422 
3 0.921007 0.0546875 0.563965 0.108398 0.209961 
0 0.904745 0.804199 0.416992 0.0292969 0.132812 
3 0.898085 0.322754 0.454102 0.0566406 0.0976562 
2 0.892859 0.897217 0.399902 0.0483398 0.192383 
3 0.879025 0.521729 0.445312 0.0366211 0.0585938 
0 0.872459 0.175537 0.459473 0.019043 0.0888672 
3 0.838153 0.366455 0.450195 0.0336914 0.0703125 
3 0.774813 0.282959 0.472168 0.0629883 0.104492 
9 0.727174 0.134521 0.508301 0.0327148 0.0908203 
3 0.721529 0.434326 0.442871 0.0288086 0.0439453 
9 0.650173 0.981689 0.450684 0.0366211 0.118164 
3 0.644837 0.350098 0.45752 0.0273438 0.0712891 
3 0.576075 0.392822 0.449707 0.0249023 0.0498047 
3 0.484592 0.412354 0.443848 0.0200195 0.0341797 
9 0.398546 0.928223 0.44873 0.0302734 0.106445 
10 0.37402 0.60376 0.432617 0.0317383 0.0390625 
0 0.288856 0.588379 0.429688 0.0117188 0.0449219 
