3 0.964609 0.350586 0.455566 0.0849609 0.151367 
3 0.953217 0.700195 0.45166 0.115234 0.176758 
3 0.922298 0.225586 0.448242 0.113281 0.0917969 
3 0.902788 0.639893 0.453613 0.0541992 0.12207 
0 0.850464 0.160156 0.445801 0.0205078 0.104492 
3 0.768993 0.599854 0.426758 0.0561523 0.0703125 
9 0.745913 0.828369 0.443848 0.100098 0.137695 
3 0.742669 0.525391 0.42334 0.03125 0.0400391 
3 0.732126 0.571045 0.423828 0.0327148 0.0488281 
0 0.716969 0.769775 0.415527 0.0317383 0.145508 
3 0.645352 0.0649414 0.467285 0.117188 0.0888672 
3 0.616055 0.448975 0.425781 0.0229492 0.0332031 
3 0.608947 0.556641 0.421387 0.0244141 0.0400391 
3 0.582854 0.478516 0.42627 0.0390625 0.0419922 
3 0.576353 0.508301 0.423828 0.0234375 0.0351562 
9 0.553761 0.960205 0.413086 0.0512695 0.111328 
0 0.532247 0.426758 0.43457 0.0341797 0.125 
3 0.505385 0.585938 0.425293 0.0458984 0.0615234 
3 0.350794 0.490723 0.42334 0.03125 0.0361328 
3 0.316285 0.457275 0.427246 0.0258789 0.0322266 
