3 0.933394 0.643066 0.510254 0.158203 0.135742 
3 0.661462 0.457031 0.473633 0.03125 0.0449219 
3 0.622373 0.537598 0.489258 0.0419922 0.078125 
2 0.567102 0.351562 0.493652 0.0283203 0.106445 
3 0.481459 0.51001 0.459473 0.0200195 0.0244141 
3 0.43287 0.492432 0.461914 0.0200195 0.0253906 
3 0.403113 0.57959 0.493164 0.0849609 0.105469 
3 0.343312 0.527344 0.478516 0.0283203 0.0488281 
2 0.329333 0.350586 0.51709 0.0273438 0.102539 
3 0.291807 0.520996 0.463867 0.0214844 0.03125 
9 0.277084 0.350586 0.51709 0.0273438 0.102539 
