3 0.928619 0.299561 0.442871 0.0766602 0.104492 
3 0.822171 0.239258 0.436035 0.0673828 0.0830078 
9 0.809061 0.81958 0.452148 0.0288086 0.0917969 
3 0.806093 0.337646 0.434082 0.0512695 0.0927734 
2 0.78891 0.820312 0.416504 0.0302734 0.143555 
2 0.772748 0.774414 0.416016 0.0253906 0.113281 
9 0.662502 0.775146 0.441895 0.0239258 0.0810547 
0 0.636753 0.872803 0.414551 0.034668 0.151367 
0 0.610047 0.693604 0.42041 0.0141602 0.0615234 
0 0.566103 0.650635 0.415527 0.0151367 0.0654297 
0 0.393487 0.663086 0.417969 0.015625 0.0644531 
9 0.257596 0.978516 0.44043 0.0429688 0.105469 
