3 0.960615 0.496826 0.453613 0.090332 0.157227 
9 0.958182 0.107422 0.600586 0.078125 0.232422 
0 0.917927 0.628662 0.453125 0.0317383 0.167969 
0 0.898438 0.855957 0.45166 0.0703125 0.401367 
0 0.875759 0.0229492 0.478027 0.0449219 0.231445 
2 0.868607 0.110596 0.513184 0.0786133 0.31543 
0 0.848791 0.714355 0.456543 0.046875 0.213867 
0 0.821888 0.659424 0.446289 0.0307617 0.166016 
0 0.772863 0.745605 0.450684 0.046875 0.213867 
3 0.747093 0.372803 0.441406 0.0424805 0.0683594 
0 0.687414 0.193604 0.461914 0.027832 0.134766 
2 0.647016 0.292725 0.458984 0.0366211 0.146484 
0 0.64017 0.244385 0.450195 0.0170898 0.0820312 
0 0.519597 0.979736 0.486816 0.0444336 0.549805 
0 0.503755 0.227539 0.453613 0.0195312 0.0908203 
9 0.424865 0.293457 0.489258 0.03125 0.130859 
0 0.39416 0.269531 0.445312 0.0146484 0.0722656 
0 0.341976 0.178955 0.461914 0.027832 0.128906 
3 0.339598 0.55957 0.425293 0.0292969 0.0439453 
9 0.283068 0.109375 0.535156 0.0761719 0.322266 
9 0.27412 0.346436 0.446289 0.0229492 0.0605469 
0 0.260913 0.338135 0.432129 0.019043 0.0615234 
