3 0.959057 0.597656 0.479492 0.104492 0.150391 
6 0.883285 0.696045 0.39502 0.187012 0.256836 
0 0.720221 0.462891 0.446777 0.0253906 0.0830078 
0 0.65971 0.842041 0.442383 0.0209961 0.105469 
0 0.628065 0.427979 0.444336 0.0180664 0.078125 
0 0.612546 0.349609 0.444824 0.0195312 0.0693359 
0 0.59609 0.817139 0.443848 0.0170898 0.104492 
0 0.574325 0.382324 0.447754 0.0234375 0.0947266 
0 0.545189 0.413818 0.446777 0.0209961 0.0810547 
9 0.527157 0.521484 0.456055 0.0273438 0.0507812 
2 0.347382 0.523438 0.430664 0.0253906 0.0761719 
0 0.314224 0.862793 0.441895 0.0175781 0.104492 
0 0.299041 0.0507812 0.45459 0.0195312 0.0576172 
1 0.290646 0.555908 0.430176 0.0151367 0.0419922 
