3 0.913949 0.633301 0.433594 0.0585938 0.0996094 
0 0.903666 0.459229 0.460938 0.0522461 0.240234 
3 0.887182 0.256348 0.378906 0.22168 0.240234 
0 0.81084 0.576416 0.489258 0.0854492 0.339844 
3 0.772282 0.0412598 0.397461 0.0883789 0.103516 
9 0.726259 0.0810547 0.429688 0.0771484 0.126953 
9 0.68733 0.371094 0.487305 0.101562 0.154297 
2 0.562399 0.363281 0.430664 0.0498047 0.216797 
3 0.549826 0.601318 0.418457 0.0268555 0.0537109 
0 0.52971 0.613281 0.429688 0.0175781 0.119141 
3 0.509663 0.140381 0.400879 0.0610352 0.104492 
9 0.454808 0.763184 0.465332 0.0585938 0.0693359 
2 0.35723 0.0717773 0.387207 0.0410156 0.137695 
