9 0.952024 0.825684 0.536133 0.0800781 0.244141 
0 0.846789 0.952393 0.445801 0.0444336 0.243164 
0 0.823752 0.471924 0.441895 0.027832 0.15332 
0 0.823557 0.638428 0.442871 0.0356445 0.174805 
0 0.794526 0.539307 0.45459 0.0297852 0.135742 
0 0.793902 0.396729 0.446289 0.019043 0.0898438 
0 0.781914 0.503174 0.447754 0.0297852 0.15332 
0 0.72364 0.663818 0.440918 0.0317383 0.168945 
0 0.719314 0.438965 0.445801 0.0253906 0.139648 
0 0.709399 0.594482 0.444824 0.0317383 0.178711 
10 0.661768 0.138184 0.48291 0.154297 0.15332 
0 0.646808 0.574951 0.442871 0.0258789 0.151367 
9 0.599548 0.10791 0.486816 0.103516 0.15918 
9 0.57106 0.0720215 0.506348 0.0551758 0.135742 
9 0.565784 0.206787 0.47998 0.0493164 0.112305 
9 0.547674 0.75415 0.473145 0.0375977 0.112305 
9 0.538493 0.976562 0.581055 0.0507812 0.263672 
0 0.536582 0.582275 0.443848 0.0336914 0.166992 
0 0.523469 0.260742 0.446289 0.015625 0.0703125 
9 0.431722 0.0463867 0.507324 0.0634766 0.139648 
9 0.421473 0.0209961 0.48877 0.0400391 0.155273 
0 0.399919 0.385498 0.445801 0.0180664 0.0869141 
9 0.357997 0.210449 0.48291 0.0322266 0.0830078 
9 0.354711 0.19458 0.481445 0.0463867 0.115234 
0 0.316077 0.450928 0.444824 0.0288086 0.145508 
9 0.268561 0.0874023 0.488281 0.0634766 0.160156 
10 0.25522 0.0209961 0.48877 0.0400391 0.155273 
