3 0.972851 0.571289 0.453613 0.09375 0.12793 
9 0.879324 0.487793 0.509277 0.0673828 0.147461 
10 0.719984 0.325439 0.46582 0.149902 0.105469 
3 0.639481 0.380371 0.421387 0.114258 0.108398 
3 0.496857 0.484131 0.470215 0.119629 0.141602 
2 0.392497 0.753418 0.435059 0.0185547 0.0751953 
9 0.367045 0.934082 0.444336 0.0244141 0.0546875 
9 0.295291 0.75415 0.446289 0.0219727 0.0488281 
2 0.270059 0.485596 0.429199 0.065918 0.178711 
9 0.267777 0.638184 0.45459 0.0244141 0.0537109 
0 0.258608 0.753906 0.434082 0.0175781 0.0791016 
