3 0.948835 0.865967 0.577148 0.265137 0.494141 
3 0.944611 0.723877 0.489746 0.151855 0.243164 
3 0.89221 0.634521 0.476074 0.074707 0.129883 
3 0.846688 0.61084 0.456543 0.0605469 0.118164 
2 0.769599 0.271973 0.449707 0.0273438 0.116211 
9 0.699702 0.167725 0.491699 0.0366211 0.100586 
3 0.675569 0.571777 0.453125 0.0332031 0.0644531 
9 0.648693 0.272461 0.473633 0.0224609 0.078125 
0 0.592165 0.335205 0.448242 0.0209961 0.0644531 
0 0.588703 0.356689 0.447266 0.0161133 0.0742188 
4 0.465236 0.540771 0.43457 0.0288086 0.03125 
3 0.433793 0.52002 0.43457 0.0224609 0.0332031 
0 0.425214 0.117188 0.446777 0.0185547 0.0810547 
0 0.309956 0.361328 0.444824 0.0136719 0.0673828 
3 0.304866 0.558105 0.445801 0.0175781 0.0400391 
3 0.304763 0.473877 0.442871 0.0219727 0.0283203 
0 0.281677 0.222656 0.461914 0.0136719 0.0585938 
