3 0.956641 0.128906 0.522949 0.15918 0.176758 
3 0.949682 0.731689 0.474121 0.0825195 0.118164 
3 0.892316 0.677002 0.430664 0.0766602 0.154297 
3 0.890799 0.248047 0.493652 0.0878906 0.112305 
3 0.884869 0.939941 0.529785 0.12207 0.446289 
3 0.857216 0.308594 0.483887 0.0664062 0.0869141 
3 0.802924 0.495361 0.450195 0.0200195 0.0390625 
3 0.759754 0.470459 0.45459 0.0336914 0.0517578 
3 0.744172 0.0275879 0.45459 0.0581055 0.208008 
3 0.726604 0.642822 0.452637 0.0249023 0.0732422 
3 0.679485 0.366455 0.472168 0.0307617 0.0595703 
0 0.671567 0.916992 0.418945 0.0263672 0.113281 
0 0.666624 0.0532227 0.476074 0.0332031 0.168945 
0 0.648711 0.614746 0.445801 0.03125 0.118164 
3 0.641277 0.335205 0.477051 0.0483398 0.0830078 
3 0.635851 0.694092 0.470215 0.0463867 0.0888672 
3 0.586311 0.356445 0.473633 0.0322266 0.0625 
3 0.553314 0.616211 0.448242 0.0351562 0.0839844 
3 0.548406 0.380615 0.466797 0.0317383 0.0605469 
3 0.522074 0.632812 0.450684 0.03125 0.0732422 
0 0.428747 0.925781 0.421387 0.0292969 0.110352 
3 0.40045 0.605957 0.454102 0.0283203 0.0820312 
0 0.39464 0.606689 0.453125 0.0249023 0.107422 
0 0.382777 0.150635 0.433105 0.0180664 0.0361328 
0 0.362485 0.575684 0.460449 0.0224609 0.0888672 
0 0.357348 0.582275 0.457031 0.0268555 0.09375 
0 0.327234 0.808838 0.444824 0.0200195 0.0947266 
3 0.323651 0.582275 0.456543 0.0258789 0.0751953 
