3 0.97733 0.110596 0.537109 0.213379 0.238281 
3 0.91534 0.597412 0.463379 0.0561523 0.0947266 
6 0.912326 0.513428 0.420898 0.0786133 0.150391 
3 0.902437 0.381592 0.472656 0.0727539 0.103516 
3 0.717708 0.460205 0.457031 0.0317383 0.0664062 
3 0.702946 0.23877 0.501953 0.108398 0.166016 
3 0.666992 0.445068 0.458496 0.0317383 0.0732422 
3 0.606425 0.416748 0.460938 0.0483398 0.0878906 
3 0.514406 0.476074 0.456055 0.0244141 0.0585938 
3 0.500405 0.428955 0.458984 0.0385742 0.0820312 
3 0.468337 0.569824 0.44043 0.0214844 0.03125 
3 0.406391 0.048584 0.481934 0.065918 0.0849609 
3 0.377186 0.619141 0.422363 0.0224609 0.0458984 
9 0.356392 0.716797 0.463379 0.0224609 0.0693359 
3 0.299288 0.643555 0.431641 0.0214844 0.0332031 
3 0.261992 0.319824 0.443359 0.0410156 0.0683594 
