3 0.94512 0.266846 0.490723 0.115723 0.15332 
3 0.937365 0.610107 0.474121 0.100098 0.174805 
3 0.907722 0.307129 0.450195 0.0976562 0.164062 
3 0.879099 0.487305 0.44043 0.0351562 0.0546875 
3 0.767042 0.383545 0.458008 0.0356445 0.09375 
3 0.700501 0.537354 0.451172 0.0219727 0.0644531 
3 0.699108 0.412109 0.446289 0.0322266 0.0683594 
0 0.697365 0.17749 0.431152 0.034668 0.112305 
3 0.679342 0.557373 0.45459 0.0454102 0.0947266 
10 0.671573 0.0964355 0.541992 0.185059 0.242188 
3 0.646438 0.612305 0.40332 0.078125 0.123047 
9 0.62877 0.829102 0.473633 0.0615234 0.107422 
3 0.537408 0.52832 0.444336 0.0195312 0.046875 
3 0.53295 0.427979 0.444824 0.0219727 0.0537109 
3 0.520261 0.400879 0.452148 0.0302734 0.0800781 
9 0.443359 0.366211 0.503906 0.0234375 0.105469 
2 0.439955 0.36499 0.455566 0.034668 0.143555 
4 0.424331 0.459229 0.432129 0.0249023 0.0341797 
9 0.424 0.22583 0.503906 0.0551758 0.136719 
4 0.385166 0.51001 0.428223 0.0209961 0.0302734 
9 0.324309 0.212891 0.507324 0.0693359 0.170898 
9 0.301627 0.36499 0.48584 0.0297852 0.114258 
10 0.272586 0.135254 0.530762 0.233398 0.198242 
9 0.257523 0.366211 0.460449 0.0429688 0.139648 
