3 0.94902 0.714111 0.488281 0.13916 0.195312 
3 0.948359 0.083252 0.525879 0.162598 0.249023 
3 0.942496 0.880371 0.589844 0.242188 0.470703 
3 0.940971 0.447266 0.466309 0.0810547 0.125977 
3 0.929149 0.252686 0.479004 0.122559 0.149414 
3 0.771022 0.335205 0.428711 0.0541992 0.0683594 
3 0.718801 0.632812 0.450684 0.0439453 0.0986328 
3 0.636195 0.618652 0.446289 0.0302734 0.0820312 
3 0.612114 0.648193 0.461426 0.0444336 0.110352 
3 0.511987 0.586914 0.428223 0.0195312 0.0439453 
3 0.506018 0.60498 0.442383 0.0244141 0.0605469 
3 0.462812 0.491943 0.425293 0.0258789 0.0439453 
3 0.453851 0.658691 0.464355 0.0478516 0.135742 
3 0.423072 0.507568 0.419922 0.0180664 0.0351562 
3 0.305018 0.28833 0.422363 0.0581055 0.0654297 
3 0.302923 0.275146 0.416016 0.0708008 0.0605469 
