3 0.959625 0.855225 0.516113 0.284668 0.366211 
3 0.939052 0.534424 0.460449 0.0795898 0.137695 
9 0.925345 0.046875 0.518555 0.0751953 0.146484 
3 0.922352 0.71875 0.47998 0.148438 0.227539 
8 0.742425 0.205078 0.478027 0.0332031 0.0947266 
3 0.603945 0.441895 0.443359 0.0351562 0.0546875 
9 0.554265 0.117676 0.48584 0.03125 0.104492 
10 0.474961 0.14917 0.484863 0.0541992 0.0966797 
0 0.398195 0.373047 0.448242 0.0185547 0.0820312 
10 0.368367 0.136475 0.487305 0.0571289 0.0898438 
3 0.365474 0.450684 0.431152 0.0351562 0.0712891 
3 0.323025 0.602295 0.444824 0.0258789 0.0498047 
3 0.298995 0.476074 0.433105 0.0195312 0.0380859 
3 0.280472 0.459229 0.439941 0.019043 0.0458984 
3 0.258172 0.308105 0.462891 0.0507812 0.0683594 
