9 0.955012 0.0527344 0.585938 0.104492 0.292969 
2 0.8971 0.570312 0.51123 0.0859375 0.323242 
9 0.896023 0.572021 0.599609 0.218262 0.25 
3 0.863505 0.665039 0.474121 0.0517578 0.0673828 
3 0.760586 0.0559082 0.408203 0.0229492 0.0273438 
3 0.756816 0.881592 0.460449 0.0776367 0.12793 
2 0.703326 0.0209961 0.489258 0.0449219 0.330078 
9 0.569151 0.2771 0.450684 0.0375977 0.0751953 
9 0.528131 0.424072 0.454102 0.0229492 0.0703125 
3 0.501108 0.0849609 0.410156 0.0195312 0.0253906 
3 0.451916 0.114746 0.40918 0.0185547 0.0273438 
3 0.439026 0.10376 0.410156 0.0200195 0.0253906 
0 0.363888 0.461182 0.451172 0.0170898 0.0644531 
2 0.323755 0.2771 0.435059 0.0288086 0.0888672 
3 0.322359 0.706787 0.462891 0.0336914 0.0664062 
3 0.313383 0.0690918 0.40918 0.0209961 0.0253906 
3 0.300698 0.0256348 0.413086 0.027832 0.046875 
3 0.260652 0.700928 0.471191 0.0297852 0.0595703 
