3 0.968768 0.727051 0.450684 0.0976562 0.166992 
3 0.961742 0.599121 0.456543 0.0703125 0.118164 
3 0.921585 0.445801 0.462402 0.0546875 0.0751953 
9 0.867865 0.195801 0.509766 0.0371094 0.101562 
2 0.798637 0.325195 0.455078 0.0224609 0.101562 
3 0.775151 0.474365 0.452148 0.0297852 0.0546875 
0 0.745955 0.378906 0.448242 0.0136719 0.0527344 
2 0.735954 0.197266 0.478027 0.0332031 0.145508 
3 0.718887 0.559082 0.442383 0.0351562 0.0507812 
3 0.713316 0.53833 0.444824 0.0288086 0.0498047 
3 0.642481 0.689941 0.432617 0.0625 0.128906 
9 0.628414 0.323975 0.484375 0.0258789 0.0742188 
3 0.556212 0.649902 0.426758 0.0253906 0.0429688 
3 0.492483 0.63208 0.431152 0.0219727 0.0595703 
2 0.457144 0.300293 0.458984 0.0234375 0.0957031 
3 0.43728 0.662598 0.443359 0.0185547 0.0722656 
3 0.250345 0.465332 0.456543 0.0341797 0.0595703 
