3 0.899674 0.567139 0.465332 0.0561523 0.0927734 
9 0.835 0.194824 0.518555 0.0302734 0.113281 
3 0.797546 0.366211 0.476074 0.0283203 0.0673828 
2 0.750976 0.196045 0.468262 0.0356445 0.174805 
3 0.750819 0.335449 0.477539 0.0585938 0.0917969 
9 0.676178 0.276611 0.481934 0.0600586 0.0966797 
10 0.662489 0.150146 0.475586 0.059082 0.0664062 
3 0.614331 0.489014 0.46582 0.0297852 0.0429688 
9 0.541929 0.318604 0.48877 0.0297852 0.0771484 
9 0.532776 0.083252 0.487305 0.0327148 0.0644531 
3 0.523246 0.395752 0.463379 0.0249023 0.0576172 
3 0.492391 0.38623 0.46582 0.0322266 0.0664062 
3 0.440752 0.413574 0.463867 0.0185547 0.0371094 
3 0.412033 0.380615 0.47168 0.0258789 0.0585938 
10 0.337795 0.289307 0.487793 0.0844727 0.0810547 
3 0.284142 0.590576 0.45459 0.0258789 0.0654297 
