3 0.938686 0.761475 0.441895 0.0825195 0.116211 
3 0.843927 0.384033 0.431641 0.0532227 0.0605469 
3 0.669744 0.618408 0.429199 0.0366211 0.0458984 
0 0.657655 0.885742 0.422852 0.015625 0.0820312 
3 0.50812 0.312988 0.448242 0.0566406 0.0898438 
3 0.460905 0.531982 0.435059 0.0756836 0.0654297 
3 0.453287 0.47168 0.428223 0.0664062 0.0556641 
3 0.409798 0.600098 0.430664 0.0292969 0.0390625 
3 0.376957 0.990967 0.41748 0.0170898 0.0986328 
3 0.358043 0.430908 0.433105 0.0258789 0.0400391 
3 0.356957 0.273193 0.441895 0.0239258 0.0361328 
2 0.350876 0.830811 0.419922 0.0200195 0.0800781 
4 0.348627 0.586426 0.429199 0.0263672 0.0341797 
3 0.322404 0.138428 0.444824 0.0249023 0.0400391 
3 0.294351 0.145508 0.444824 0.0302734 0.0400391 
3 0.280932 0.416992 0.434082 0.03125 0.0419922 
