3 0.940383 0.333252 0.484863 0.0639648 0.106445 
3 0.94009 0.390625 0.483887 0.0917969 0.141602 
2 0.878654 0.76001 0.432617 0.0561523 0.207031 
3 0.865312 0.514648 0.460449 0.0449219 0.0771484 
3 0.834667 0.0483398 0.463867 0.09375 0.123047 
3 0.777899 0.123535 0.474121 0.0820312 0.125977 
0 0.710108 0.258545 0.472656 0.0239258 0.105469 
0 0.588413 0.246826 0.473145 0.0209961 0.104492 
9 0.528665 0.764893 0.501953 0.0463867 0.152344 
9 0.511353 0.965088 0.495605 0.0678711 0.165039 
0 0.504549 0.293945 0.462402 0.015625 0.0732422 
0 0.374983 0.216553 0.473633 0.0219727 0.09375 
3 0.336608 0.435791 0.442383 0.0239258 0.0390625 
0 0.311383 0.302002 0.459961 0.019043 0.0644531 
9 0.27277 0.799316 0.483398 0.0224609 0.0917969 
