3 0.972005 0.17749 0.535645 0.312988 0.40332 
0 0.739367 0.490967 0.43457 0.0229492 0.117188 
10 0.736998 0.645264 0.462891 0.134277 0.121094 
0 0.530976 0.298584 0.424805 0.0317383 0.0996094 
3 0.530296 0.604248 0.426758 0.0581055 0.0742188 
0 0.527205 0.44458 0.439941 0.0180664 0.0712891 
0 0.519643 0.401123 0.43457 0.0180664 0.0820312 
0 0.429477 0.38501 0.441895 0.019043 0.0771484 
0 0.394039 0.431885 0.430664 0.0170898 0.078125 
3 0.37157 0.580322 0.430664 0.0375977 0.0703125 
0 0.338682 0.414551 0.432129 0.0175781 0.0830078 
3 0.332324 0.522949 0.427246 0.0302734 0.0322266 
9 0.278172 0.75293 0.463379 0.0253906 0.0791016 
9 0.263457 0.69458 0.46582 0.0561523 0.103516 
