3 0.964566 0.824951 0.483887 0.248535 0.413086 
3 0.954636 0.0844727 0.547363 0.169922 0.24707 
3 0.950905 0.337646 0.471191 0.0639648 0.0947266 
3 0.950848 0.207764 0.504883 0.123535 0.171875 
3 0.900542 0.618896 0.460449 0.0698242 0.110352 
3 0.893234 0.69043 0.484863 0.0976562 0.209961 
3 0.879627 0.38208 0.460449 0.043457 0.0712891 
3 0.771633 0.584229 0.458496 0.0307617 0.0771484 
3 0.65416 0.436768 0.461426 0.0571289 0.0908203 
3 0.630759 0.574951 0.452148 0.0327148 0.0683594 
3 0.565151 0.401123 0.459961 0.0258789 0.0585938 
3 0.558448 0.509521 0.433594 0.0239258 0.0371094 
3 0.521547 0.48877 0.441406 0.0195312 0.0332031 
3 0.492459 0.554688 0.444824 0.0244141 0.0439453 
3 0.408829 0.477783 0.441895 0.0239258 0.0302734 
3 0.374718 0.407959 0.461426 0.0229492 0.0576172 
3 0.368671 0.541992 0.441406 0.015625 0.03125 
