0 0.880032 0.105713 0.596191 0.11377 0.62793 
9 0.845841 0.831543 0.480469 0.117188 0.142578 
3 0.793937 0.589355 0.455566 0.0791016 0.129883 
2 0.784855 0.567383 0.483398 0.0429688 0.193359 
9 0.779993 0.536865 0.517578 0.0288086 0.105469 
9 0.732311 0.566406 0.521973 0.0292969 0.161133 
2 0.71805 0.537842 0.463867 0.0415039 0.189453 
0 0.601223 0.25293 0.461914 0.0341797 0.169922 
0 0.583106 0.380371 0.562012 0.152344 0.526367 
9 0.521432 0.285889 0.700195 0.138184 0.285156 
9 0.482757 0.948486 0.483887 0.109863 0.133789 
0 0.457151 0.98291 0.446289 0.0351562 0.193359 
2 0.348213 0.846436 0.421875 0.0356445 0.15625 
9 0.337453 0.890381 0.466797 0.126465 0.138672 
0 0.283997 0.890381 0.427246 0.0356445 0.135742 
2 0.276393 0.335449 0.461914 0.0332031 0.0664062 
