6 0.962327 0.322754 0.42334 0.205078 0.297852 
3 0.961289 0.584717 0.533203 0.180176 0.294922 
3 0.894946 0.457031 0.458496 0.0400391 0.0712891 
0 0.832198 0.798096 0.453613 0.0297852 0.151367 
0 0.740723 0.771973 0.45752 0.0292969 0.135742 
2 0.621942 0.692139 0.456055 0.0288086 0.130859 
0 0.617652 0.059082 0.492188 0.0341797 0.140625 
9 0.591374 0.837646 0.478027 0.0444336 0.102539 
3 0.566271 0.481201 0.451172 0.0161133 0.0371094 
9 0.508865 0.692139 0.491211 0.0288086 0.0898438 
3 0.497859 0.435547 0.458496 0.0205078 0.0380859 
3 0.465756 0.501953 0.459473 0.0302734 0.0517578 
9 0.333701 0.684082 0.486816 0.0253906 0.0693359 
3 0.326766 0.49585 0.457031 0.0268555 0.0410156 
3 0.297236 0.617188 0.397949 0.0742188 0.0849609 
0 0.265101 0.692139 0.455566 0.0288086 0.120117 
