3 0.949086 0.105225 0.543457 0.20459 0.467773 
3 0.93931 0.678955 0.46582 0.090332 0.123047 
3 0.935038 0.924316 0.530762 0.152344 0.321289 
3 0.929541 0.411377 0.432129 0.0473633 0.0849609 
3 0.8468 0.476074 0.42627 0.0576172 0.120117 
3 0.826375 0.84375 0.495117 0.166016 0.220703 
9 0.669506 0.747803 0.549316 0.0620117 0.19043 
2 0.619088 0.74707 0.461426 0.0683594 0.268555 
0 0.528334 0.676514 0.401367 0.0170898 0.0390625 
3 0.443839 0.523682 0.42627 0.0288086 0.0400391 
3 0.431729 0.508545 0.427734 0.0239258 0.0410156 
0 0.425407 0.272217 0.433105 0.0161133 0.0712891 
3 0.399801 0.258057 0.431641 0.027832 0.0351562 
3 0.355788 0.444092 0.425293 0.0180664 0.0322266 
3 0.342603 0.621582 0.432617 0.0449219 0.0390625 
2 0.255297 0.352539 0.425781 0.015625 0.0566406 
